p.linear.model	p.wilcox	mean.switch	mean.wt	FDR_linear	FDR_wilcox
uc002rov.2-uc010ynb.1	0.00278646290130915	0.0020215051800063	-1182.79201315789	-599.612324444444	0.0175561600414089	0.0127365300460501
uc001jje.2-uc010qhk.1	0.00166248436252046	0.00112527394292999	-1310.71959571429	-604.14826108871	0.0132129476132345	0.00882795557808301
uc001mjs.2-uc001mjr.2	0.00184920876758882	0.00106368491432935	-1221.25745944444	-599.164790245902	0.0141236646302168	0.00852903128155925
uc001opo.2-uc001opr.2	0.00227802042963491	0.00138018846213556	-1246.83491625	-602.558879796748	0.0157766837001298	0.0101735923394912
uc002nkf.2-uc002nkh.2	3.64905484734445e-05	2.6619756078735e-05	-1343.84482095238	-580.739011825726	0.000672310711268311	0.000476023873407967
uc003wit.3-uc003wiv.3	0.0098615767907887	0.00603395043006448	-1154.81685125	-608.543794593496	0.0447450648417875	0.0297056021172405
uc003lgx.2-uc011czu.1	0.000244696782180205	0.000138897114914403	-1210.608562	-581.914046582279	0.00305198834383287	0.00182595403013411
uc001wao.2-uc001wan.2	0.000122575390073003	6.22936206116928e-05	-1454.99780285714	-596.00352358871	0.00181770334547283	0.000935173366219981
uc011dax.1-uc003lkh.1	1.46278220763554e-05	6.19048851380511e-05	-158.525806818182	-739.466548577982	0.000306679855945658	0.000935173366219981
uc003ulw.2-uc010lew.1	0.00600528044229055	0.00436046857874666	-1125.927621	-601.902027561983	0.0306824412513668	0.0230536077902432
uc003jhr.1-uc010ium.1	0.00370921288860239	0.001775692054666	-1379.05254	-612.652054325397	0.0218673817629797	0.0116088254756659
uc003wss.2-uc011kww.1	0.00029281271882781	0.000176732889799308	-1313.60989388889	-592.351905737705	0.00345689578732638	0.00219293055097916
uc002kat.3-uc010dic.2	0.00780184138006505	0.00422883173190744	-1257.194625	-612.37003036	0.037385047301153	0.0226531250484557
uc003pig.1-uc003pij.1	0.000122271691400341	6.8280589793788e-05	-1455.12306	-595.996452620968	0.00181770334547283	0.000988442823681502
uc002moc.3-uc010dxe.2	1.07780662354133e-07	5.86038537314793e-08	-1336.91183969697	-541.750010393013	5.69831675750548e-06	3.3934421970228e-06
uc003jvh.2-uc003jvj.2	0.00780904770928689	0.00478393834604318	-1285.76388545455	-613.687013346614	0.037385047301153	0.0246550256659054
uc003ziq.1-uc003zir.1	0.000635582510108584	0.000379494257084302	-1241.320493	-592.365426570248	0.00627562192211027	0.00391072047978399
uc002hjr.2-uc010wcj.1	0.000621273503150252	0.000367273318679241	-1429.828845	-604.0835878	0.00619236540844842	0.00381713124370904
uc003gru.3-uc003grt.2	9.76217204005226e-09	6.41765243005362e-09	-1352.2860225	-528.74578	7.41925075043972e-07	4.87741584684075e-07
uc001vna.2-uc010tij.1	0.00756154472837636	0.00477487247382892	-1404.4445775	-617.886954606299	0.0364874539274034	0.0246550256659054
uc003qch.2-uc003qcd.1	5.29394300676485e-05	1.9132389187454e-05	-1281.18659	-577.438508109244	0.000881840369346034	0.000347238585849911
uc001hks.2-uc009xdn.2	0.00368007432801967	0.00213267947898783	-1285.10430923077	-608.32324124498	0.0218291238188874	0.0131641535352751
uc001jnh.3-uc009xpq.2	0.00562613737151342	0.00324570570717425	-1255.53815384615	-609.866855783133	0.0291122682713205	0.0183571076275529
uc003ylj.2-uc011lho.1	0.00455755615955616	0.00223267822359649	-1403.26303666667	-614.82006229249	0.0251908558637286	0.0135071478601658
uc003eqx.1-uc011bmb.1	0.00189989919920199	0.000922614156050211	-1391.67787272727	-609.045364501992	0.0141259624123115	0.00783936720944367
uc003bfr.2-uc003bft.2	0.000162838853577966	0.00010218742525074	-1284.70713190476	-585.89208846473	0.00217595654890996	0.0014282748172977
uc001leu.1-uc009xzk.1	0.00919981654548052	0.00577146091579272	-1438.62788285714	-620.033129058824	0.0420563042079109	0.0286452917289957
uc003emx.2-uc003emw.2	0.00197977490826626	0.000981019521064222	-1145.9228073913	-593.40007748954	0.0143842231656569	0.00813710240510947
uc002hqs.2-uc010cvp.2	1.06921412419493e-06	1.01818855061713e-06	-1407.97577583333	-564.653043991597	4.03740025185449e-05	3.7518705380316e-05
uc003pjl.1-uc011dyu.1	0.000291114802857785	0.000141839764906196	-1313.88183333333	-592.331844631148	0.00345689578732638	0.00183486334176526
uc004dfe.2-uc011mks.1	1.1841347539084e-06	8.46604120328868e-07	-1328.72958482759	-556.419249484979	4.23502311986063e-05	3.44334177925898e-05
uc002ija.2-uc002ijb.2	0.000773414674734011	0.000343568855618705	-1597.9142325	-611.793422165354	0.00701844958564595	0.00360154938303746
uc002mpf.2-uc002mpe.3	6.32842233549632e-05	0.00268090595001968	972.0448325	-666.926443488372	0.00102604820799514	0.0158251535690482
uc001oew.2-uc001oev.2	1.80788050642553e-05	9.61546649959554e-06	-1351.69102272727	-576.840169125	0.000360390605871056	0.000215108163323468
uc002czl.2-uc002czj.2	0.00372249015208619	0.00139719565846631	-1343.08538090909	-611.174915936255	0.0218673817629797	0.0101735923394912
uc003imz.2-uc011cij.1	0.00252426531607775	0.00170369122373173	-1284.75565214286	-605.613967580645	0.0165341182600507	0.0112591767829227
uc001uhc.2-uc009zyh.2	0.00285965582985873	0.00170059880158075	-1140.14800136364	-596.23161275	0.0177647975305255	0.0112591767829227
uc003mli.2-uc003mlg.2	0.00264469172175652	0.001926770440174	-1281.79802142857	-605.780930604839	0.0169260270192418	0.0123313308171136
uc003xfp.1-uc003xfq.1	0.000433805270814613	0.00370316293361676	782.65228	-663.990124844961	0.00466820539212894	0.0202839915643152
uc003auf.2-uc003auh.2	0.000580419600751027	0.000241875632256963	-1346.095544	-599.13931145749	0.00595473255974643	0.00285554144489773
uc010zdi.1-uc010zdj.1	0.00187349756141009	0.00207690541677245	-1590.49332	-615.864273921569	0.0141259624123115	0.0129513691630528
uc001zlh.3-uc010ucn.1	0.0028634048651176	0.00106612891019491	-1362.39889727273	-610.32850685259	0.0177647975305255	0.00852903128155925
uc002mtv.3-uc002mtw.3	0.00421225965247236	0.00360873749682173	-978.195311707317	-579.515091900452	0.0237134617472518	0.0199464763460692
uc002env.2-uc002ent.2	3.79507523802403e-05	1.66458784843253e-05	-1342.35894952381	-580.868486099585	0.000688777834244362	0.000317153767721355
uc002wfw.3-uc010zpu.1	0.000146801998050114	9.18364819336857e-05	-1272.79314454545	-584.072474625	0.00205185321412574	0.00129852513989956
uc003iyw.3-uc010ism.2	0.00233309670608062	0.00149370916880997	-1266.49575266667	-603.973306882591	0.0159269718432037	0.0104748022586095
uc001tsd.3-uc001tsc.2	0.00532167506296567	0.00276917849443716	-1259.48526615385	-609.660781646586	0.0281354646807228	0.0162672514455825
uc001fvx.2-uc010pjg.1	4.27043752987068e-07	4.05947815811837e-07	-1434.602395	-561.968006764706	1.92327853197139e-05	1.76297337152569e-05
uc002plp.2-uc010xzy.1	7.91106639479030e-11	1.3899623217094e-10	-1332.37912891304	-494.858347962963	1.32658662765529e-08	2.11274272899829e-08
uc001btk.1-uc001bti.1	5.52704818327824e-07	9.80797293106836e-07	-1653.86933333333	-580.448595506073	2.40031806816655e-05	3.72702971380598e-05
uc002gjq.2-uc002gjr.2	0.00588682626867548	0.00747415294423225	-1427.7930075	-617.151570984252	0.0302876050536881	0.0344264014401001
uc001lmg.1-uc010qvd.1	0.00897330203198074	0.00716722818883178	-1246.3643875	-612.88988176	0.0413794334865844	0.0333805119695431
uc004atw.2-uc010mrg.2	0.00299250432452586	0.00149886150739972	-1359.18597181818	-610.469312350598	0.0182858555709721	0.0104748022586095
uc003xeo.2-uc011lad.1	0.00162194723338715	0.000583787022611691	-1338.93001384615	-605.513063895582	0.0129755778670972	0.00554597671481107
uc001cyc.1-uc010ooi.1	0.000154178639200395	8.8047160031854e-05	-1286.96481428571	-585.695360954357	0.00208312472519645	0.00125959231292629
uc010rwy.1-uc001pog.2	0.00238440111990608	0.00128840960128256	-1456.25870888889	-612.934840750988	0.0161079542322544	0.00979191296974742
uc004bed.2-uc011lwd.1	5.94411709943306e-06	3.57426774825285e-06	-1429.8519305	-576.784316033058	0.000164273781657059	9.87797632244425e-05
uc003nrr.2-uc003nrv.2	0.00159528142909134	0.000989746247835352	-1313.23412285714	-604.006311975806	0.0129755778670972	0.00813710240510947
uc001nxs.2-uc001nxr.2	0.00516378029233877	0.00251453929907932	-1392.65972555556	-615.197255177866	0.0274198988449081	0.0149155111594168
uc002mkd.2-uc002mkc.2	0.00015270869352546	0.000201993425802072	-931.891709113924	-516.718022240437	0.00208312472519645	0.00243192084926059
uc002ixn.1-uc010wof.1	1.08033879717732e-05	8.59408942455237e-06	-1388.40372619048	-576.856285643154	0.000243276292105116	0.000200969475774148
uc004bxa.2-uc004bxb.2	0.00174803502712805	0.000885281936554661	-1363.88534	-607.24887604	0.0136257089294084	0.00774462471115444
uc011bad.1-uc003cog.2	0.00132868465693881	0.000916928820763471	-1191.13657428571	-594.045539543568	0.0114624953186298	0.00783936720944367
uc002smp.1-uc002smo.1	0.000418987470069203	0.000322015989260936	-1032.41364244444	-560.922715115207	0.00463171603276501	0.00343483721878332
uc001hdh.1-uc001hdg.1	3.62980475821432e-06	2.26005596497908e-06	-1354.5950592	-566.725597510548	0.000105091490142586	6.87057013353639e-05
uc001tmp.2-uc010sww.1	3.6788690159169e-14	8.90835880285941e-14	-1386.1131345098	-462.024043744076	4.47350472335495e-11	1.0832564304277e-10
uc001xek.1-uc001xen.1	3.04520908668916e-08	6.28850097391527e-06	471.610130666667	-709.526295748988	2.05720791634112e-06	0.000159308691339187
uc002yzf.1-uc010gop.1	0.00228346737765037	0.000928346116907802	-1316.93849538462	-606.661215461847	0.0157766837001298	0.00783936720944367
uc002xho.3-uc002xhp.3	0.000408933434959711	0.000282143989560259	-1340.43719375	-596.470926788618	0.00456204639367898	0.00314758799362637
uc009zrv.2-uc001swv.2	0.00185837692502853	0.00141660459153539	-1330.25992923077	-605.965718915663	0.0141236646302168	0.0101928472385031
uc001eal.1-uc001eak.1	0.000433805270814613	0.00370316293361676	782.65228	-663.990124844961	0.00466820539212894	0.0202839915643152
uc001nkx.1-uc001nky.1	3.64165949534212e-10	7.08736252729303e-10	-1401.55729513514	-516.983214088889	4.92028660704002e-08	8.27352875981556e-08
uc002rrp.2-uc010yns.1	0.000114318493131327	5.0982579268636e-05	-1458.511625	-595.80516266129	0.00173764109559617	0.000815721268298177
uc003wjr.1-uc003wjq.1	0.000222944225303131	0.000139649444738875	-1288.4583135	-588.46973892562	0.00288404444647455	0.00182595403013411
uc001qgb.3-uc001qfx.2	0.00104795333974833	0.000747544819442177	-1574.30052125	-612.537161102362	0.00930154205207277	0.0067334407440125
uc001vak.2-uc010aci.2	0.00161699980152714	0.000695609759922659	-1312.41105714286	-604.052775362903	0.0129755778670972	0.00645695777149583
uc001qez.2-uc009zcp.2	0.00378804060326704	0.00338057925318777	183.667175	-667.906222401575	0.0221454681421765	0.0187707048944124
uc001aqr.3-uc001aqu.2	1.04231416157631e-05	1.04565977917265e-05	-1409.727148	-578.447521198347	0.000239567088481254	0.000223074086223498
uc002avv.1-uc002avx.2	9.48229234118209e-06	1.26200360832028e-05	-1511.2876975	-585.358698902439	0.000230446894039767	0.000255766064619577
uc001mib.2-uc001mid.2	0.00435480582427299	0.003363647702691	-1512.97065285714	-617.992347137255	0.0242910269831007	0.0187707048944124
uc003fgs.2-uc003fgt.2	0.000726877599698472	0.000410171488425254	-1251.68238368421	-594.225834567901	0.00685180745142125	0.00419133218424461
uc003stv.2-uc010kub.2	3.87300665133323e-05	3.51191473945794e-05	-1480.02330333333	-591.006046720648	0.000691744859686709	0.000593123378219564
uc003ugh.2-uc010lds.2	0.000713016913776419	0.00066482949854932	-1757.36501833333	-615.760363203125	0.00683271008737734	0.00621871284796902
uc002svu.2-uc002svt.2	0.00242296669831355	0.00140583988311098	-1264.200434	-604.112698704453	0.0162780525146369	0.0101756029634699
uc010qtf.1-uc009xzn.2	0.00160441300137492	0.000915966649135509	-1339.61822230769	-605.477133333333	0.0129755778670972	0.00783936720944367
uc001zod.2-uc001zoc.2	1.50985574773978e-05	9.72939883453185e-06	-1417.32414842105	-581.274420864198	0.000311183828686706	0.000215108163323468
uc001mjc.2-uc009ygf.2	0.00384992434788967	0.00332937174397126	-1466.0470175	-615.946720275591	0.0222928952715897	0.0187431298179123
uc002ehr.2-uc002ehs.2	0.000743387108044224	0.000478370963273571	-1250.59170736842	-594.311113786008	0.00695352864139828	0.00480743050694762
uc002kst.1-uc010dlm.1	0.000569338711715123	0.000554098800180171	-1690.84630285714	-613.109486156863	0.00591722968756914	0.00534749318269117
uc002fuy.1-uc010ckc.1	0.00189751834670959	0.00106053170429069	-1358.41038333333	-607.51167396	0.0141259624123115	0.00852903128155925
uc010znj.1-uc002vwj.2	2.06861543949118e-06	8.49508662646131e-07	-1169.39195909091	-535.438517844037	6.79847668762505e-05	3.44334177925898e-05
uc002dde.2-uc010uzp.1	0.00327804373523647	0.00278747965692286	-1430.62561444444	-613.846689960474	0.0197331741685522	0.0162960349173952
uc002lva.2-uc010dsv.2	2.09441319232809e-05	1.71596499849118e-05	-1284.566815	-571.102143644068	0.000404254990773168	0.000317153767721355
uc003cyt.2-uc003cyx.2	0.00315524718813844	0.00251453929907932	-1433.74033111111	-613.735889762846	0.0191839029038817	0.0149155111594168
uc003xyg.2-uc003xyi.1	0.00245432856506948	0.00161615739709622	-1642.34662333333	-618.456106835937	0.0163981512918928	0.0108923375638015
uc002nmk.3-uc010ecd.2	1.04416576393967e-05	8.36331682968298e-06	-1336.95214791667	-571.815090504202	0.000239567088481254	0.000199407711076363
uc001ria.2-uc001rif.1	0.00077145080704423	0.000287690981315001	-1452.52881636364	-606.378590079681	0.00701844958564595	0.00318029302980946
uc001stn.2-uc001sto.2	7.03316719676468e-06	5.09851881233986e-06	-1366.56833652174	-572.166407322176	0.000185920245897084	0.000131910614378835
uc003lbt.2-uc010jeo.2	0.00590309407707572	0.00308722854094333	-1381.14825555556	-615.606754110672	0.0302876050536881	0.01770787691409
uc001byx.2-uc001byw.2	3.32417372838876e-07	3.14826942065351e-07	-1140.3622362963	-512.496549663462	1.61687810148829e-05	1.47242139058256e-05
uc003ivx.2-uc003ivy.2	7.015982184942e-05	4.25952059079364e-05	-1553.71498666667	-598.137053	0.00112255714959072	0.000709531101151379
uc001pug.2-uc009zal.2	2.98104869934937e-05	2.73112508984572e-05	-1317.08006869565	-576.928876610879	0.00056639925287638	0.000480930392523048
uc002jau.1-uc002jav.1	2.75681599068774e-06	9.34462082207119e-06	-1435.23772666667	-572.775314647303	8.38072061169074e-05	0.000214397338106388
uc003dcn.2-uc010hly.2	0.00465086926511494	0.00337967508465973	-1244.92822071429	-607.862290322581	0.0255510563451198	0.0187707048944124
uc003vvt.2-uc003vvs.2	0.00711763266962121	0.00729706966426367	-1736.88089	-624.927595077519	0.0351830948221927	0.0337385426302077
uc003dmx.2-uc011bfu.1	0.00509708042250666	0.00283604970308967	-1353.775508	-613.655111150794	0.0271844289200355	0.0165006528179763
uc003yvy.2-uc003ywb.2	0.00801011715886594	0.00707289850877218	-1605.177238	-623.163256420233	0.0379000095921439	0.0330794022564114
uc010ipm.2-uc003imb.2	0.0026603455394594	0.0020204893909308	-1498.08034875	-614.937796456693	0.0169370689842023	0.0127365300460501
uc003gak.3-uc010ibf.2	1.35092704502525e-05	4.66200119588715e-06	-1400.240635	-579.23153053719	0.000288351726131764	0.000123238988134756
uc003tfh.3-uc011kba.1	4.27805419791657e-10	5.73096108923691e-10	-1160.29220794118	-460.200891494845	5.20211390466655e-08	7.74316520501343e-08
uc003kij.3-uc003kik.3	3.92965843240061e-07	1.04011314301578e-07	-1318.7762359375	-547.730450173913	1.83787102069198e-05	5.4160666652798e-06
uc002pix.1-uc010xzo.1	0.00251297304388961	0.00432756921220645	-1092.71315037037	-590.108885234043	0.0165341182600507	0.0229795814936377
uc002uqk.2-uc010frx.2	2.91986844182752e-12	1.30146102717264e-12	-1378.80186521739	-484.972024490741	8.87640006315567e-10	5.27525536347311e-10
uc002mwg.1-uc010xmx.1	0.0041941259917712	0.00621593062743692	-1805.7499	-623.859858488372	0.0237134617472518	0.0304781114635617
uc003ydv.2-uc003ydw.1	0.00252906743122486	0.00155211445417605	-1338.92682083333	-608.44688496	0.0165341182600507	0.0106631139902716
uc002moa.2-uc002mnz.2	0.0014735300010334	0.000927803408502526	-1318.04740928571	-603.734594193548	0.0122143073225419	0.00783936720944367
uc002xge.1-uc002xgd.1	0.00645391136717448	0.00441325608314277	-1373.38434555556	-615.882940632411	0.032699817593684	0.0231315491254379
uc001sib.2-uc010spw.1	4.92501900641185e-12	8.67487038494368e-12	-1702.4810875	-534.955029369748	1.19776462235936e-09	1.90061495410384e-09
uc003vrk.2-uc011kpq.1	6.54991900457056e-06	3.6570408778964e-06	-1405.92392142857	-575.329629626556	0.000176993366879062	9.88213712782672e-05
uc011lsa.1-uc004aik.2	1.26479710464693e-06	1.27274146923482e-06	-1301.64769129032	-553.366946580087	4.39426651214477e-05	4.42186750454154e-05
uc002jnz.3-uc010wsb.1	2.75461959797223e-09	3.46979368901994e-09	-1285.89641733333	-508.357162718894	2.23307828742282e-07	2.81284608389883e-07
uc011lvc.1-uc004azd.2	0.00128248370379014	0.000559105859524087	-1279.595064375	-600.428138455285	0.0112553087334698	0.00535332854473456
uc003eho.2-uc010hrx.2	4.09893780672589e-06	1.78961841166531e-06	-1350.8705812	-567.118474936709	0.000115914148208807	5.726778917329e-05
uc001ssg.3-uc001ssf.2	0.00318829646953973	0.00190331217719804	-1269.80673	-606.457858346774	0.0192884005321408	0.0122456487167874
uc002wne.2-uc002wnh.2	0.00234451312494528	0.00158624069213135	-1646.82494166667	-618.35114625	0.0159269718432037	0.0108363409080434
uc001slc.2-uc001slb.2	0.000839924157348842	0.000719421803179081	-1198.56058272727	-590.877126125	0.00756553907656439	0.0066274008535285
uc003knf.2-uc010jbn.2	0.00151097760987814	0.000737587761517226	-1343.40586307692	-605.27938502008	0.0124145187406204	0.00669333371645482
uc001klb.3-uc001kla.3	0.000246578724038204	0.000248014741783731	-1223.25607208333	-583.280241008403	0.00305198834383287	0.00289986467316362
uc003fwa.3-uc011btr.1	8.46968734949964e-10	1.27873942711218e-09	-1343.04061243902	-511.828859638009	8.58261651415964e-08	1.19611318720647e-07
uc001wsy.1-uc001wtc.1	0.00466474877353338	0.00440275688367845	-1140.1244355	-600.728737107438	0.0255510563451198	0.0231315491254379
uc002mxo.2-uc010dzh.2	0.000639948288109929	0.000326255800907581	-1340.79109666667	-599.46144388664	0.00627562192211027	0.00344980046872712
uc003oth.2-uc010jyd.2	0.000298562934933537	0.000210720395942054	-1381.22742933333	-597.005796153846	0.00349088970076136	0.00251211766142684
uc002jbc.2-uc010wpn.1	8.36183066892703e-08	9.56072234371207e-08	-1395.87367551724	-548.062259656652	4.62181186064331e-06	5.28447198634267e-06
uc002uhp.1-uc010fqm.1	0.000352477026577114	0.000192272568315031	-1268.2756035	-590.137731487603	0.00406614855113439	0.00233803443071078
uc001vmq.2-uc001vmr.2	0.000220662407839366	0.000151812153529537	-1307.08253631579	-589.894135390947	0.00288404444647455	0.00194319556517808
uc001gku.1-uc009wwv.2	0.0086686996325872	0.00493579558188532	-1347.17392777778	-616.815327035573	0.0404660687369646	0.0253245883019939
uc004can.3-uc004cap.3	0.000470152016331429	0.000258740705123624	-1291.09224444444	-594.013043811475	0.0049713465379045	0.00298137059056773
uc010pvb.1-uc010puz.1	0.000137146297382158	5.92187619123246e-05	-1394.107749375	-592.980158943089	0.00193918485600819	0.000923205313915214
uc009wlr.2-uc001eup.3	0.00868556245094387	0.00719218267764826	-1117.49609526316	-604.717766584362	0.0404660687369646	0.0333805119695431
uc003kem.2-uc011csw.1	0.000892426734765828	0.000538316409156257	-1299.480959375	-599.134746910569	0.00797934492261211	0.00523674202827207
uc002zir.1-uc002zio.1	4.62062002510792e-05	3.19777980226663e-05	-1286.05351458333	-576.947725798319	0.000791362528243836	0.000547676090078341
uc002ewg.1-uc010cfg.1	0.00219728312747479	0.00130971877045683	-1229.61815294118	-601.123814244898	0.0153557257644215	0.00983097546219445
uc002ass.2-uc002ast.2	8.22607688887942e-05	6.5383893927943e-05	-1076.514108	-551.777457281106	0.00128242429447146	0.000957913433932273
uc001dnw.2-uc001dnx.2	0.00859833613961766	0.00404875455915461	-1310.354542	-615.378165357143	0.0403690221844598	0.021978953321125
uc002fsg.2-uc010vqf.1	0.00050390802760041	0.000263583485897759	-1380.18061285714	-600.227074637097	0.00528234622036291	0.00299549083038948
uc003efk.2-uc010hrj.2	6.70788661324798e-12	9.37803431301237e-12	-1262.99241152542	-461.390595123153	1.35946502028492e-09	1.90061495410384e-09
uc003huf.3-uc010ild.2	0.00275026707701022	0.00154883147447465	-1256.448284	-604.583477044534	0.0174183581543981	0.0106631139902716
uc002rjw.1-uc010eyy.1	0.00142080401159508	0.0014920328812509	-1347.27045923077	-605.077618955823	0.0120818019447525	0.0104748022586095
uc001epm.3-uc009wji.2	0.00694285002186621	0.00763902688730986	-1178.130989375	-607.027427886179	0.0346004328958578	0.0345318092749769
uc003mtd.2-uc011dho.1	9.97880423368313e-05	5.04606831998953e-05	-1304.66206761905	-584.153276639004	0.00153597796812135	0.000815721268298177
uc002adf.1-uc010bfl.1	7.60968276202847e-10	7.48427766101737e-10	-86.3649288333333	-806.915580990099	8.41215839875148e-08	8.27352875981556e-08
uc011ean.1-uc003psn.2	0.00257375424131848	0.00151187917427039	-1260.51780066667	-604.336340404858	0.0167339108013796	0.0105054004337874
uc001njs.2-uc001njp.2	2.58182703105185e-06	1.58589211420048e-06	-1334.68703666667	-562.307630212766	8.05000428143347e-05	5.35679114129939e-05
uc001nub.2-uc001ntz.2	1.44105632181716e-09	1.47670132931036e-09	-1354.72543410256	-517.240139730942	1.34794191333051e-07	1.28262058317243e-07
uc002ipm.2-uc010wmg.1	1.89277011575517e-05	1.69126300684911e-05	-1350.06011818182	-576.989668708333	0.000371227171090046	0.000317153767721355
uc002hzl.1-uc010wgh.1	0.00919227163209799	0.00758729422439842	-1197.54572285714	-610.53710875	0.0420563042079109	0.0345318092749769
uc002kyg.2-uc010xcd.1	0.0047487104547546	0.00222236259098537	-1504.65502714286	-618.220619215686	0.0257544172339134	0.0135071478601658
uc002roc.2-uc002rod.2	0.00204177696048769	0.00174107911212401	-1324.20331538462	-606.281927670683	0.0146047104938413	0.0114440659477989
uc002eur.2-uc002eus.2	1.40914636125154e-07	1.06896052604207e-07	-1343.0426134375	-544.354258521739	7.13967489700783e-06	5.4160666652798e-06
uc003dgs.3-uc003dgt.3	0.00844862734067355	0.0069364952978955	-1311.853121	-615.318697936508	0.039819887001004	0.0328201489581359
uc002nhn.3-uc010ebh.2	0.00486724253665655	0.00294266619881593	-1292.5484025	-610.67304904	0.0261883492237804	0.0169586829277733
uc009vyx.1-uc010onc.1	0.00206378470828596	0.00116398131564694	-1323.51022692308	-606.318113012048	0.0146758023700335	0.00902261010706838
uc003dtz.1-uc003dua.1	0.00215470184749376	0.00218686845054528	-1271.30111333333	-603.681483360324	0.0151451875523261	0.0134304648275912
uc001pbl.2-uc001pbk.2	1.00025340885731e-06	1.28724754240851e-07	-1376.70694384615	-560.9511125	3.9235746618403e-05	6.26117204627498e-06
uc001igt.1-uc001igs.1	9.22429432270008e-06	7.41208944781727e-06	-1375.16606045455	-574.688290666667	0.000230446894039767	0.000183940832011139
uc010ilv.2-uc003hyb.2	0.00741319665224482	0.00534007677336911	-1460.70107285714	-619.427198352941	0.0361312188640415	0.0269441218108582
uc003bxf.3-uc011aut.1	0.00362523619682943	0.00289931669136675	-1471.335465	-615.780155	0.0216092510556107	0.0167884242700094
uc004ewk.1-uc004ewm.1	0.0089836927964295	0.00478502142858033	-1441.08408714286	-619.965703843137	0.0413794334865844	0.0246550256659054
uc003lcw.2-uc011cyr.1	0.000150673960651943	0.000129036958652942	-1287.91236666667	-585.612794149378	0.00208204018355412	0.00172427408485689
uc001gdh.1-uc010pkz.1	0.000367651797477007	0.000448524142582791	-1928.993902	-616.863321322957	0.00416074309871669	0.00454504464483895
uc002azq.3-uc002azr.3	0.00553722964877593	0.00249050823745699	-1312.90435909091	-612.497590199203	0.0287746634739809	0.0149155111594168
uc004cyv.3-uc004cyu.3	0.000250985883538887	0.000107725932684945	-1341.89276705882	-593.333330816327	0.00305198834383287	0.00145549704605437
uc001ita.2-uc010qdg.1	2.44835296974036e-09	8.5029062681479e-10	-1475.67712172414	-538.129641888412	2.12656943657448e-07	8.6162783517232e-08
uc002usq.2-uc002usu.2	3.15554007835681e-05	1.48602023884601e-05	-1368.291411	-581.871962272727	0.000590328728504905	0.000296229608268319
uc002hqi.3-uc010cvn.1	0.000664607586033339	0.000537872037278958	-1425.69215833333	-604.28214876	0.00646530259693233	0.00523674202827207
uc003ygr.3-uc003ygw.2	0.00145612919436035	0.000948583927854897	-1234.005615	-598.224352540984	0.0122143073225419	0.00795502107773486
uc009ypg.1-uc009yph.1	0.000587638081553924	0.000513292083421365	-1261.91769315789	-593.425542880658	0.00595473255974643	0.00507449734504374
uc001rjd.2-uc010sjt.1	0.000354450449358754	0.000311177514601705	-1501.72205090909	-604.2227112749	0.00406614855113439	0.00337849872996137
uc002xwg.1-uc002xwf.1	9.6651246677863e-06	1.03998205666332e-05	-1482.85992411765	-583.551936244898	0.000230446894039767	0.000223074086223498
uc003bkv.3-uc003bkt.1	0.000369539683109706	0.000267894293047946	-1207.03639833333	-584.915838361345	0.00416074309871669	0.0030162912995028
uc002oja.1-uc002ojb.1	0.00233301330620099	0.00139657636279927	-1245.43900875	-602.649670528455	0.0159269718432037	0.0101735923394912
uc003mug.2-uc003muf.2	3.76293505648944e-08	1.2146389394549e-08	-1347.99994088235	-536.608969736842	2.40827843615324e-06	8.68824088457155e-07
uc003znq.2-uc003zns.2	0.00252446994963224	0.00144772914661796	-1408.639808	-611.477956388889	0.0165341182600507	0.0102949628203944
uc003ztq.1-uc003zto.1	0.00132912157888717	0.00123494337870763	-1620.41554285714	-615.042879568627	0.0114624953186298	0.00950437435764863
uc002zxs.2-uc002zxr.1	0.00177360201386623	0.00107587906434905	-1223.50316111111	-598.999123729508	0.0136905945818752	0.00855077740031662
uc003nqz.2-uc003nqy.2	0.00023760665342661	0.000104942978810648	-1253.18749954545	-585.86965875	0.00303444295946845	0.00144446869634349
uc003fxn.3-uc011bud.1	0.00058501672222699	0.000259889212664621	-1371.84246928571	-600.697776290323	0.00595473255974643	0.00298137059056773
uc002vzi.2-uc002vzj.2	4.24001645885138e-08	2.55179578423508e-08	-1096.28238985507	-479.457814455959	2.57793000698164e-06	1.63314930191045e-06
uc003yug.2-uc003yue.1	0.00336009213951046	0.00180809505454492	-1428.60284666667	-613.918646126482	0.0201274484810085	0.0117574523332975
uc002rsi.2-uc010ynv.1	0.00128658545555288	0.000757340956779993	-1458.076557	-609.516180634921	0.0112553087334698	0.00677151914297405
uc001ndt.2-uc010rha.1	7.7049084908376e-06	8.29846883206507e-06	-1231.62909939394	-556.921758995633	0.000199344015422522	0.000199407711076363
uc003zjm.1-uc010mhs.1	0.00194757254133108	0.000993165060231089	-1218.45815166667	-599.371296557377	0.0143530194561127	0.00813710240510947
uc003cvj.2-uc011bby.1	2.75001233009245e-08	2.43562269170304e-08	-1366.9548530303	-537.420667860262	1.96706764317201e-06	1.63314930191045e-06
uc002lxi.2-uc002lxk.2	0.00411220370832964	0.00322446578809486	-1411.89529444444	-614.512985928854	0.0234762427668021	0.0183221981230063
uc003ekb.2-uc003ekg.2	0.00455430884121655	0.00374986061099482	-1327.90590363636	-611.840151992032	0.0251908558637286	0.0204476704169045
uc003ywp.2-uc003ywo.2	0.000239561286273825	0.000156441212681223	-1525.48833363636	-603.181161035857	0.00303444295946845	0.00198158869396215
uc003hnx.3-uc010ijv.2	0.00743585517520196	0.00509995905512061	-1614.143336	-622.988818715953	0.0361312188640415	0.0258828986578418
uc003cit.2-uc003ciu.2	0.00508162039414103	0.0043260995318868	-1262.74303	-609.490697590361	0.0271844289200355	0.0229795814936377
uc003tdh.2-uc011kam.1	0.000719232640776563	0.000320752802246866	-1360.14898357143	-601.357892419355	0.00683271008737734	0.00343483721878332
uc001rpg.2-uc010sli.1	0.00476541437305141	0.00210288505315785	-1399.49163888889	-614.954222687747	0.0257544172339134	0.0130464705338773
uc001hmc.2-uc001hmd.2	7.59921747288583e-08	3.66272490355454e-08	-1398.16846827586	-547.77664167382	4.4003087842996e-06	2.22693674136116e-06
uc003epm.2-uc003epi.2	0.000713909316705803	0.00182088132645923	173.752827272727	-677.649897171315	0.00683271008737734	0.0117776153881619
uc004dae.2-uc010nfr.2	6.05632988031934e-05	6.37916768680091e-05	-1383.65879888889	-587.184363565574	0.000995202315468692	0.000945983891115842
uc001fct.2-uc010pec.1	1.09567605519077e-06	1.13226580133953e-06	-1358.91906555556	-559.523524765957	4.03740025185449e-05	4.04951533655549e-05
uc002jyh.1-uc010dhx.1	0.00167879998340344	0.000780909906477815	-1244.62411	-600.082584571429	0.0132559790897311	0.00693128792902937
uc004aur.2-uc011luh.1	0.0065358033646104	0.00568675732723165	-1200.90295	-607.956675465587	0.032977331499445	0.0283799050339176
uc001ptq.2-uc009zah.2	4.77306113994518e-13	7.74574223743227e-13	-1347.42903038462	-467.20254052381	2.90202117308667e-10	4.70941128035882e-10
uc002ezc.2-uc002eza.2	0.000766624449507292	0.000484501071206614	-1356.49904857143	-601.563937137097	0.00701844958564595	0.00482912543104297
uc002uax.2-uc002uay.2	0.000271734747103746	0.000161980657578059	-1279.815876	-589.183989958678	0.00327157873740747	0.00203060288262804
uc002opr.1-uc010xvu.1	0.00536100583892577	0.00569465199693742	-1132.3511095	-601.371160743802	0.028220706061185	0.0283799050339176
uc001sav.1-uc001sau.1	0.000208645490486765	0.000809445375947908	66.8473047058824	-691.082641918367	0.00275774909165116	0.00713250418226562
uc001uip.2-uc001uio.2	9.82490784199285e-13	3.60004002109621e-12	-1052.71679238532	-349.233416470588	3.98236264528777e-10	1.09441216641325e-09
uc001uhx.1-uc001uhy.1	0.00137273046985646	0.00510846684036352	-28.18568	-684.48851644898	0.011755213037644	0.0258828986578418
uc003tkb.2-uc003tkd.2	1.57302170509342e-05	3.38737835223296e-06	-1267.45660678571	-567.05153034188	0.0003187990655656	9.57919087515181e-05
uc002kum.3-uc010xaz.1	9.95476281029554e-07	3.90695450821681e-07	-1320.271061	-554.184100258621	3.9235746618403e-05	1.75957654888579e-05
uc002jbv.2-uc010wps.1	0.00384079371336557	0.00162131011434874	-1257.65180357143	-607.144023548387	0.0222928952715897	0.0108923375638015
uc003ifp.2-uc011cgu.1	0.00791367064340091	0.00586022764380122	-1400.13193875	-618.022785748032	0.0375899355561543	0.0289676293287085
uc002mqk.3-uc010dxu.2	0.00042854185219016	0.000310835166506054	-1243.33882571429	-589.496795643154	0.00466820539212894	0.00337849872996137
uc003qcs.1-uc003qcr.1	1.35164871624265e-05	1.24630755682131e-05	-1248.13962233333	-563.511441465517	0.000288351726131764	0.000255766064619577
uc003cfc.1-uc010hfw.1	0.00415154410535458	0.00207153661895363	-1411.09965777778	-614.541289209486	0.0235900823930428	0.0129513691630528
uc002pqt.1-uc002pqw.1	0.000126777591347052	0.000105721804255403	-1453.293875	-596.099713064516	0.0018573680852773	0.00144446869634349
uc003uae.1-uc003uaf.1	0.000751688576369039	0.000617225613343845	-1357.62632214286	-601.500300725806	0.00697750617454009	0.00581818872733423
uc002fhi.2-uc002fhh.2	0.00173756911540051	0.000997062712468183	-1597.13347	-615.681995294118	0.0136257089294084	0.00813710240510947
uc002jor.1-uc010dgj.1	4.47808149855198e-05	1.72139380506657e-05	-1147.19989621622	-558.810875244444	0.000777906728891315	0.000317153767721355
uc001wis.3-uc001wir.3	1.11001684878871e-05	1.1283498473694e-05	-1221.64210090909	-558.360933449782	0.000245414634204923	0.000236564381793308
uc003etf.3-uc011bmv.1	7.38475768559171e-05	2.76851377274781e-05	-1375.21599333333	-587.807193483607	0.00116621627865968	0.000480930392523048
uc003crh.1-uc003crg.2	5.96521875652066e-07	8.89449637612952e-07	-1320.74909290323	-550.803555021645	2.50127793376866e-05	3.48893793334629e-05
uc002kus.3-uc002kut.3	0.00538497841226458	0.00416881572018235	-1194.470601875	-605.964688861789	0.0282247144366971	0.0224304421050519
uc001fni.2-uc001fng.2	0.00541773130738438	0.00895289272272039	-1049.00609142857	-593.190908247863	0.0282745118874653	0.038689547583351
uc010ick.2-uc003gfd.2	0.00291642227766598	0.00249157246817515	-1329.0741625	-608.91981256	0.0180018755819382	0.0149155111594168
uc002zri.2-uc002zrj.2	0.00682891580802866	0.00415920530516075	-1329.784608	-614.607130992064	0.0341726815743327	0.0224304421050519
uc010xxt.1-uc002pdh.1	0.000134555501841546	5.16752494226483e-05	-1371.03837882353	-591.310982244898	0.00192493517928612	0.000816066276596628
uc002etl.2-uc002etm.1	8.72754360299534e-11	5.73801760878048e-11	-1426.01926459459	-512.960579111111	1.32658662765529e-08	9.96775630325294e-09
uc003vvo.2-uc003vvn.2	2.27546007142435e-06	1.95030322059676e-06	-1298.34856866667	-557.018905301724	7.2814722285579e-05	6.08094542627092e-05
uc003xuy.2-uc003xva.2	0.00702977798940326	0.0045515593945972	-1265.15476	-611.98794388	0.0348906532045484	0.0237540610464815
uc003nyn.1-uc011dov.1	0.00285426871172834	0.00136397807329996	-1233.517351875	-603.425062845528	0.0177647975305255	0.0101735923394912
uc001dmf.2-uc001dme.1	0.00190514624639728	0.00318861756545688	618.3487975	-661.442784031008	0.0141259624123115	0.0182035631905895
uc003crf.1-uc011bax.1	0.00673860976879432	0.00545819249925988	-1268.36076333333	-611.83405572	0.0338601218134458	0.0274262895830579
uc001dtl.1-uc001dtm.1	0.00258715068310804	0.00144416039092895	-1637.16751333333	-618.577492226563	0.0167339108013796	0.0102949628203944
uc003crd.2-uc011bav.1	0.00197485395547139	0.00162131011434874	-1300.130405	-604.746037983871	0.0143842231656569	0.0108923375638015
uc003cop.1-uc010hit.1	0.00209031360036338	0.00168390784957989	-1214.61725166667	-599.654641639344	0.0147780310351272	0.0112507249730173
uc002xre.2-uc002xrc.2	0.0072746351481361	0.00667327983870891	-1905.34006	-627.269586525097	0.0356691787908609	0.0319396765418978
uc003llt.2-uc003llu.1	0.00198729398999208	0.00128242040047195	-1522.6049975	-614.165366574803	0.0143842231656569	0.00979191296974742
uc001cfc.3-uc001cfd.3	3.92519698341965e-05	1.52220747754691e-05	-1250.79487148148	-571.946304510638	0.000691744859686709	0.000298549079467265
uc010dwe.2-uc010dwd.2	4.82765582256617e-05	4.55218309705197e-05	-1333.1727552381	-581.668942863071	0.000815337427811176	0.000748034411623675
uc003hvu.2-uc010ilk.2	0.00406968603068373	0.00201012213258731	-1412.76294888889	-614.482120750988	0.0233431047797708	0.0127365300460501
uc001nsl.1-uc001nsj.2	9.32934802359387e-06	3.06264972073913e-06	-1216.50022970588	-556.218575789474	0.000230446894039767	8.86710014385424e-05
uc001onw.2-uc001onz.2	3.56651452296407e-06	2.386892494475e-06	-1355.132292	-566.668927383966	0.000105091490142586	7.07917383727219e-05
uc002lyh.2-uc010xho.1	0.0017788765986318	0.00130192253075842	-1396.27768181818	-608.843779243028	0.0136905945818752	0.00983097546219445
uc004fof.2-uc004fog.3	0.00147656511218228	0.000727588273924421	-1344.85510461538	-605.203721807229	0.0122143073225419	0.00665223564730899
uc003csb.2-uc003crw.2	1.78196357537785e-06	1.63441722266123e-06	-1410.45454521739	-567.94304832636	6.01907696572073e-05	5.37149011555692e-05
uc001cdp.2-uc010oiw.1	0.00294364792826621	0.00220184256961499	-1396.954729	-611.94165	0.0180781610139985	0.0134544751992554
uc010tjj.1-uc010tjl.1	0.000248747706745021	0.000192271891712645	-1164.87366344828	-576.813334120172	0.00305198834383287	0.00233803443071078
uc001mvt.2-uc010rep.1	0.00261542999461912	0.00138884832508929	-1259.53459533333	-604.396049230769	0.016827316790777	0.0101735923394912
uc002jyg.1-uc002jyf.2	0.00146575904598138	0.00116492581152116	-1233.65743777778	-598.250037745902	0.0122143073225419	0.00902261010706838
uc003jmn.2-uc011cpo.1	0.00203203788445351	0.00109720275073934	-1386.95161	-609.252491553785	0.0146047104938413	0.00866362691492879
uc002whe.2-uc002whi.2	0.00013063926792219	6.07941067923874e-05	-1484.03861846154	-597.937112650602	0.0018911589261117	0.000935173366219981
