p.linear.model	p.wilcox	mean.switch	mean.wt	FDR_linear	FDR_wilcox
uc001gvk.2-uc001gvm.2	0.00248094715003265	0.00194532946541107	-797.1212475	-282.474540997506	0.0286355717673269	0.0277103616906817
uc002tas.1-uc002taq.3	0.000574056060214457	0.000134679532439133	-645.7744354	-261.25604884097	0.0173045325747287	0.0136924191313118
uc002mgv.3-uc002mgw.2	0.00414460423909369	0.00302284684239033	-738.673957826087	-281.972901658291	0.0336510443888396	0.0314896517575178
uc004cvb.2-uc010nec.2	0.00392401557475628	0.00293736785918804	-741.248386521739	-281.824128140704	0.0330470963921492	0.0314896517575178
uc002plp.2-uc010xzy.1	0.00128919283649502	0.00110976073990437	-727.018897	-274.690918107417	0.0222316681309715	0.0225401356502436
uc001osf.2-uc001osg.2	0.00035636911928548	0.000370778406214983	-772.313312666667	-271.215643248082	0.014652348426773	0.0174573224363097
uc001ugy.2-uc001ugz.1	0.00178582698324263	0.0014885583015487	-776.912733043478	-279.763123190955	0.0250426312592645	0.0242131370643126
uc003bia.2-uc010hae.2	0.00517818714716508	0.00978988078952473	-800.441462352941	-286.156462945545	0.0370521309064011	0.0499564803490686
uc001llp.2-uc001llq.2	0.00227257245231669	0.00357232161245577	-720.605903214286	-277.449747073791	0.0275082367220229	0.0322832027199706
uc004bxa.2-uc004bxb.2	0.000159945582004487	0.000145913389900707	-773.867960909091	-267.208951494845	0.0142956515221682	0.0137160982768166
uc001zkm.1-uc001zko.1	0.00207753421403399	0.00352964453567856	-833.941034444444	-283.384062704715	0.0266799130644364	0.0320161065689803
uc002xqw.2-uc002xqv.2	0.00414752729460339	0.00705516777371365	-688.486036551724	-278.69546130102	0.0336510443888396	0.0427161522775715
uc001dqn.3-uc009wdr.2	0.000307461102309704	0.00337888430294697	-1844.72804666667	-295.886439593301	0.0142956515221682	0.0317490355695604
uc003jcm.2-uc003jcl.2	0.00168996706579091	0.00349482023353766	-1122.867865	-291.118094358354	0.0242559978854695	0.0319704324545497
uc001jrr.3-uc001jru.3	0.000488765930467043	0.000202655826679854	-856.553990476191	-278.067705225	0.0162313786756369	0.0146662778138722
uc002vhp.1-uc010zjz.1	0.00253269673658493	0.00223892552734972	-741.7376652	-279.47291479798	0.02879982004447	0.0291672316258554
uc002kod.1-uc002kof.2	0.000439324372146669	0.0012966387753543	-742.21829	-269.900804948454	0.0159992756423563	0.0236602353660441
uc002svm.3-uc002svl.2	0.00298043457962547	0.00377754505916769	-725.825892692308	-279.349981468354	0.0304278676748374	0.0326851416466992
uc001kyp.1-uc001kyq.1	0.00571245216136963	0.00325128564543464	-743.761865714286	-283.989291775	0.0392630514753293	0.0317237881015461
uc003ihz.1-uc011chd.1	0.00340418572522253	0.00649943629420687	-1558.16634333333	-297.943102535885	0.0324461451935273	0.0415523723718574
uc011cwd.1-uc003krf.2	0.0050690360716627	0.00722529530438795	125.261299090909	-330.753043784461	0.0366770436869862	0.0434229570017404
uc001uhc.2-uc009zyh.2	0.000668007690692272	0.000429278420564993	-758.879507586207	-273.487781045918	0.017642334339157	0.0174573224363097
uc001zlh.3-uc010ucn.1	0.0094584867589747	0.00756219534548137	-727.959199	-285.924019725686	0.0516306344529567	0.0442488168896272
uc003psd.2-uc003pse.1	0.000533038271000011	0.000625187686049323	-867.123044	-278.98317957606	0.0168999138108456	0.0188886775541788
uc002yfm.2-uc002yfl.1	0.00248800869453824	0.00296825746168909	-709.303203448276	-277.155415790816	0.0286355717673269	0.0314896517575178
uc001tsd.3-uc001tsc.2	0.00198095871676729	0.000812141599320893	-783.412812727273	-280.650711804511	0.0265579080709461	0.0201314317783908
uc003zsz.2-uc003zsy.2	0.000920355653323456	0.000816808092647823	-724.51273875	-272.571486503856	0.0191646641366034	0.0201314317783908
uc001hks.2-uc009xdn.2	0.00243073151131379	0.00573379895534787	-1219.2259	-293.733398771084	0.0283225083551889	0.0397446337510445
uc004dah.2-uc011mjs.1	0.000540243146412278	0.00286388454594097	302.340011176471	-332.560633861386	0.0168999138108456	0.0314769292436755
uc001bau.1-uc001bav.1	0.00439968857733218	0.00237065771117359	-654.794535294118	-276.36098627907	0.0345975137804969	0.030127108412831
uc001mgt.2-uc010rbp.1	0.00521602608124522	0.00376578261957034	-772.199360526316	-284.93265681592	0.0371540300809841	0.0326851416466992
uc002wxp.2-uc010ztu.1	0.000746048047441684	0.000480185814015708	-883.470992222222	-281.171806526055	0.017642334339157	0.0178019546173514
uc011mfc.1-uc004coe.2	0.00290777708371464	0.00381780122266562	-726.883003076923	-279.280399518987	0.0300634579841683	0.0329167313897672
uc010fbl.2-uc010fbk.2	0.00217209817341036	0.00108286607076176	-984.015146363636	-288.757437268293	0.0273031105039366	0.0225401356502436
uc009wgu.2-uc001efh.3	0.000366308710669325	0.00129948897633446	-688.372019069767	-263.531002830688	0.014652348426773	0.0236602353660441
uc001jbo.2-uc001jbt.2	0.00515102759160496	0.00245004762634381	-710.0819116	-281.471384090909	0.0370328631905054	0.0304338874469873
uc001bnm.2-uc001bnl.2	0.000206740061540592	0.000708140108114534	-684.615534468085	-259.459320240642	0.0142956515221682	0.0191984651533274
uc003vvt.2-uc011krd.1	0.00534433142321787	0.00472184875082397	-758.5897985	-284.396309027431	0.0377975903555119	0.0368093001661677
uc002pfl.2-uc010xyf.1	0.00328274125695388	0.00844302106071108	-771.316736190476	-282.542661075	0.0317852724879661	0.0471532948376278
uc010xyn.1-uc010xyo.1	0.00121319052910061	0.000498411102360689	-937.6836	-285.226401695332	0.0216071889854416	0.0178019546173514
uc002nkf.2-uc002nkh.2	0.00337347095201919	0.00725535365160725	-589.566710769231	-267.092810108401	0.0323842905499662	0.0434964690661467
uc002nng.2-uc002nnf.3	0.00615876043961153	0.00411112274089929	-841.832300714286	-288.523497985258	0.0412458352262488	0.0344712697175061
uc003ire.2-uc003irf.2	0.000195905283435378	0.000204858861778563	-727.469555897436	-263.987966518325	0.0142956515221682	0.0146662778138722
uc002mgh.2-uc002mgj.1	0.000348072900989724	0.00118772471948762	-722.921947297297	-266.840114166667	0.014652348426773	0.0225401356502436
uc001wao.2-uc001wan.2	0.00369690142977859	0.00582305613011838	-673.292718125	-276.784958637532	0.0325614211252018	0.0397446337510445
uc002cmb.2-uc002clz.2	0.000145902603762438	0.000294570975885756	-698.051221086957	-258.944959253333	0.0142956515221682	0.0167710589797608
uc002jvw.2-uc010wtv.1	0.00164604647884994	0.00115281483933878	-703.8245815625	-274.273340051414	0.0237654047833956	0.0225401356502436
uc003gww.3-uc011bza.1	0.000417702054730447	0.000423468987701109	-849.580304545455	-277.002378922306	0.0156798925160352	0.0174573224363097
uc003jdu.2-uc003jds.2	0.0011027765658117	0.000947412213598579	-776.3748896	-277.286221338384	0.0203748801140695	0.0222689954089133
uc002nuf.2-uc010xro.1	0.000471733586177601	9.33124146685575e-05	-904.410147777778	-280.236558883375	0.0162137945590979	0.0119832785153305
uc002nei.1-uc010xpg.1	0.00033419883459815	0.00042719656165534	-774.468248666667	-271.050302890026	0.014652348426773	0.0174573224363097
uc003lfi.2-uc010jfj.2	0.000294863286485448	0.000336363460123624	-838.352785833333	-274.796597052897	0.0142956515221682	0.0174573224363097
uc002pkx.2-uc002pkw.1	0.00135651990860251	0.000768967772140797	-788.808705652174	-279.075667487437	0.0225874179562494	0.0199795902421746
uc003bdq.2-uc003bdp.2	0.00704960445574438	0.00544975973357068	-732.896205238095	-284.55973895	0.0439638566246873	0.0391359152357676
uc001ebs.2-uc010owf.1	0.00900660691621184	0.00434316221423816	-783.032158125	-288.114077432099	0.0505198181047285	0.0355613916700718
uc002mfu.1-uc002mfv.1	1.04778090024048e-05	1.04760519708293e-05	-707.429204736842	-244.206734120879	0.0036522648522668	0.00356092497137826
uc001zls.3-uc001zlr.2	0.00207349426903825	0.00153044823612471	-834.039168333333	-283.37967955335	0.0266799130644364	0.0242131370643126
uc001brw.2-uc001brx.2	0.00142043022067097	0.00119539397919001	-739.1399775	-276.129253231552	0.022801643016034	0.0225401356502436
uc001bzv.1-uc001bzw.1	2.19785891722476e-05	2.32396017702617e-05	-814.173188	-260.929156243523	0.00487525068911673	0.00515496621085806
uc001xyp.2-uc001xyo.2	0.00494147024929867	0.00326604368103255	-775.077632631579	-284.796619079602	0.0362428625585145	0.0317237881015461
uc004blh.2-uc004bli.2	0.00343957901459241	0.00373359203936702	-696.224544827586	-278.122969617347	0.0324702797909512	0.032652202781561
uc002lkf.2-uc010xez.1	0.00280658428771732	0.00263739641243727	-850.9561525	-285.43066037037	0.0298953740917438	0.030548644837501
uc002zrq.2-uc010gsa.2	3.41365358849844e-06	2.44404836118086e-06	-944.11797	-263.25769213198	0.00166586295118724	0.00271171550128113
uc002jnz.3-uc002job.3	0.000527081489490058	0.000680757931518598	-805.2758512	-275.461665681818	0.0168999138108456	0.0188886775541788
uc003tvn.2-uc011kef.1	0.00805431805195972	0.0050180772473641	-806.353126	-288.471475369458	0.0479064822860832	0.0379074566054749
uc011lvc.1-uc004azd.2	0.00387911726025413	0.00299999059111845	-816.53939	-285.47907490099	0.0329792547561675	0.0314896517575178
uc002lpp.2-uc002lps.2	0.00392992978607577	0.00449758481028867	-731.500057916667	-281.256207808564	0.0330470963921492	0.0356302173282609
uc010sbs.1-uc009zch.2	0.000257592319473727	0.000298276441225226	-725.674291842105	-265.376221409922	0.0142956515221682	0.0167710589797608
uc002fgp.2-uc002fgr.1	0.00182951537016082	0.00140395846678407	-786.995050909091	-280.453194912281	0.0253637358135931	0.0239556549577142
uc001jrd.3-uc001jre.3	0.0020341685652029	0.00255694546173459	-794.007563333333	-281.35139265	0.0266799130644364	0.0304338874469873
uc001ffr.2-uc010pep.1	0.000273319318108574	0.00012411121711354	-829.72916	-273.917896186869	0.0142956515221682	0.0131665812937843
uc002lus.2-uc002luq.1	0.00239840293391255	0.000790937330098173	-977.514716363636	-288.93183904878	0.0282447223675442	0.0201029904733286
uc002fcy.3-uc002fcz.3	0.00258127097332302	0.00149641769864233	-874.237256666667	-285.963440985222	0.02879982004447	0.0242131370643126
uc002cwl.2-uc010uxk.1	0.00152446883095064	0.000667780518009951	-849.345076111111	-282.696040992556	0.0234488317319235	0.0188886775541788
uc002xya.2-uc010zzi.1	0.000352755492806927	0.000963827265283672	-728.802371388889	-267.474884467532	0.014652348426773	0.0223975097837348
uc002pbj.2-uc002pbi.2	0.00582073509997996	0.0029869697738428	-889.986455833333	-289.816328655257	0.0398949259661548	0.0314896517575178
uc002hra.2-uc010wdz.1	0.00414460423909369	0.00302284684239033	-738.673957826087	-281.972901658291	0.0336510443888396	0.0314896517575178
uc001sky.2-uc001skw.2	0.00834621904696831	0.00992915248355805	-713.899536818182	-284.483524010025	0.0482683780769083	0.0504731917914201
uc002fii.2-uc010vof.1	0.00271619818378407	0.00566329815961662	-678.929831212121	-275.283586237113	0.0292595189955229	0.0394812785984701
uc001nkr.1-uc001nks.1	0.00611310237147592	0.00500257371464696	-729.792345	-283.607228822055	0.0412043364265228	0.0379074566054749
uc003wjr.1-uc003wjq.1	0.000214494935155197	0.000539746272686692	-875.711495454545	-275.561561378446	0.0142956515221682	0.0180408343199388
uc002avv.1-uc002avx.2	0.00158269425511368	0.00197606677630271	-1257.068965	-293.186270120482	0.0234488317319235	0.0277103616906817
uc001sdn.1-uc001sdm.1	0.00367208287295531	0.00209813336709369	-854.000999333333	-286.711085960591	0.0324702797909512	0.0282819708813557
uc003eff.3-uc003efg.2	0.000656535662355787	0.000547175399151318	-796.843142	-275.994033686869	0.017642334339157	0.0180419996476921
uc003tjt.2-uc003tjw.1	0.00851344713665972	0.00595897026205159	-918.025306	-292.054654087591	0.048992478805306	0.040056504289373
uc003ugh.2-uc010lds.2	0.0013216031198034	0.00231475839398319	-718.755952258065	-274.187900948718	0.0225504308553867	0.0297263709543105
uc001gnz.2-uc001goc.2	0.00394127256152272	0.0030087513485167	-762.38467	-283.01159455	0.0330470963921492	0.0314896517575178
uc002lva.2-uc010dsv.2	5.11492161406622e-05	0.000146792920612877	-807.269327272727	-264.368113634021	0.0089145776702297	0.0137160982768166
uc001obb.1-uc010rnm.1	0.000334768450328019	0.000412731588759619	-811.647965384615	-273.70093364557	0.014652348426773	0.0174573224363097
uc002ftz.3-uc010cjy.2	0.000172093995740652	0.000158145458470526	-870.704598695652	-274.342990251256	0.0142956515221682	0.0137812470952887
uc010zyt.1-uc002xvm.2	0.000301999779669892	0.00332744973794636	-1846.67761333333	-295.872447488038	0.0142956515221682	0.0317490355695604
uc002fuy.1-uc010ckc.1	0.00068763662726888	0.00107897031435116	-775.434602962963	-274.817212208122	0.017642334339157	0.0225401356502436
uc001utj.2-uc010tds.1	0.00227732123682321	0.00416680921223916	-728.647032962963	-278.023467005076	0.0275082367220229	0.0345816818974951
uc003eet.2-uc011bjo.1	0.00094391297486742	0.000532693966723242	-842.092277	-280.231596882793	0.0191646641366034	0.0180408343199388
uc001zoj.3-uc010bcl.2	0.00072503661309301	0.000483381793326609	-773.456548518519	-274.952764162437	0.017642334339157	0.0178019546173514
uc001evz.2-uc009wmh.2	0.00414732419478673	0.00153019782866111	-846.858482666667	-286.974972044335	0.0336510443888396	0.0242131370643126
uc003qru.3-uc011efr.1	0.00182661325702984	0.00159800610093027	-737.610272962963	-277.409234822335	0.0253637358135931	0.0242182291072662
uc002wjw.3-uc002wjy.3	0.000590652974649885	0.000523363651791682	-1146.71974333333	-288.578248058252	0.0173637741945267	0.0180408343199388
uc001fnp.2-uc010phe.1	0.00426142747439172	0.00906811760921157	-673.938012903226	-277.750352538462	0.0340914197951337	0.0483480787214604
uc010vnj.1-uc010chd.2	0.00929011539318991	0.00304153125318202	-1166.62192	-296.590399735577	0.0515825144463745	0.0314896517575178
uc002juu.1-uc002jut.2	0.00467701672591471	0.00643993626061493	-670.166350967742	-278.050151307692	0.0354992499265927	0.0415523723718574
uc011luh.1-uc004aur.2	0.000289939120264852	0.00116462582320598	237.263139130435	-338.37127660804	0.0142956515221682	0.0225401356502436
uc002rrp.2-uc010yns.1	0.00492372227202027	0.00649943629420687	-1508.79319	-298.297455311005	0.0362428625585145	0.0415523723718574
uc009xyw.2-uc001lcy.3	0.00362468030093346	0.00486301439713879	-766.494745714286	-282.795815575	0.0324702797909512	0.0371967245423782
uc002zoq.1-uc011agr.1	0.000278154441490762	0.000351108251819496	-798.452209285714	-271.903445368957	0.0142956515221682	0.0174573224363097
uc001dhu.2-uc009wca.1	0.00429567204572165	0.00949602376779507	-1166.72435	-294.492457325301	0.0341414976923805	0.0493085684202668
uc003yah.2-uc003yai.2	0.00966293627134908	0.00365521926565732	-879.368772727273	-291.565022902439	0.0521627533232119	0.0325501277671674
uc002ktw.2-uc010xap.1	0.00477817499652052	0.00746735506542617	-682.540874827586	-279.135281938776	0.0356536605244956	0.0440104984532364
uc002apc.2-uc010uiw.1	0.00980242793380749	0.00848110881884001	-749.747458888889	-287.144569801489	0.0523368143511822	0.0471532948376278
uc001rrx.2-uc001rru.2	0.00642621996043268	0.00365157865482956	-760.944964210526	-285.4645810199	0.041895562600936	0.0325501277671674
uc003nqz.2-uc003nqy.2	0.000297406994653986	0.000264245320124301	-826.6450876	-274.112597727273	0.0142956515221682	0.0167710589797608
uc003stj.2-uc003stp.2	0.00954342191995162	0.00856508508476688	-738.927051578947	-286.505228631841	0.0519775658140222	0.0471756379386708
uc002jyt.1-uc002jyu.1	0.00106407162690958	0.001708893771906	-758.889782962963	-275.95099428934	0.0202456502129888	0.025580986524237
uc004esv.2-uc010nqq.2	0.000969460135186541	0.00133034479867159	-674.96273875	-268.284006141732	0.0192315669093915	0.0236602353660441
uc001rhk.3-uc001rhj.3	0.00374414668320509	0.00351150651549972	-764.90695952381	-282.87917435	0.0325614211252018	0.0319704324545497
uc003xos.2-uc010lxf.1	0.00288915747813584	0.00172779964013082	-1036.39281	-290.988302427184	0.0299980606240487	0.0256273639806898
uc010ohm.1-uc010ohn.1	0.00098801793922225	0.00158574754154763	-729.222947419355	-273.355909025641	0.019251508962717	0.0242182291072662
uc002dzq.2-uc010vfa.1	0.000460349170582762	0.000621661248902509	-800.006731538462	-274.467192075949	0.0162137945590979	0.0188886775541788
uc004cwr.2-uc010neu.2	0.0018884405919879	0.00255685759692295	-727.996205	-276.923211577608	0.0258864890137668	0.0304338874469873
uc001odu.3-uc009yqj.2	0.000471794841678669	0.00080181324106427	-771.17326137931	-272.578294158163	0.0162137945590979	0.0201314317783908
uc003lvh.2-uc003lvj.2	0.00605852383629482	0.00577886483269522	-730.242473181818	-283.582409724311	0.0410778574835494	0.0397446337510445
uc003xmi.3-uc011lce.1	0.000740923312149296	0.000410966167176925	-731.992699375	-271.95616840617	0.017642334339157	0.0174573224363097
uc002fcb.2-uc010vmp.1	0.000391184436021176	0.000681230993757269	-805.988401923077	-274.073461873418	0.0149139066233073	0.0188886775541788
uc001kzu.2-uc010qrj.1	0.000240729329476226	0.000184341215881985	-834.3331264	-273.627241742424	0.0142956515221682	0.0146662778138722
uc001kdz.2-uc001kdy.2	0.00243759293220888	0.00681859855485421	171.696025238095	-332.05083105	0.0283225083551889	0.0426362645628577
uc010vaz.1-uc002dho.2	2.95823235190921e-06	1.16751638405845e-05	425.569895714286	-345.37920925	0.00166586295118724	0.00356092497137826
uc001xyi.1-uc010atp.1	0.00477459400066343	0.00339750397513563	-790.376895	-285.329855533499	0.0356536605244956	0.0317490355695604
uc003tlr.2-uc003tlu.2	0.00129253603890364	0.00153812960859363	-814.663682857143	-280.266946375	0.0222316681309715	0.0242131370643126
uc003esi.3-uc011bmj.1	0.00153749881625391	0.000451866690704961	-883.229596875	-284.155660098765	0.0234488317319235	0.0177831407309694
uc003kbz.3-uc011csd.1	0.00366949389138759	0.00393112434693639	-790.650512631579	-284.060587437811	0.0324702797909512	0.0334501021918525
uc001wod.2-uc010tog.1	0.00348102229313089	0.00251899518281317	-757.292436818182	-282.090933032581	0.0324702797909512	0.0304338874469873
uc002pkr.2-uc002pkt.2	0.000994135298894403	0.00120090886661134	-854.291504210526	-281.052679875622	0.019251508962717	0.0225401356502436
uc001euq.2-uc009wlt.2	0.00497365753887379	0.00308429337520262	-927.832993636364	-290.264763317073	0.036257686105475	0.0314896517575178
uc001kuq.2-uc001kur.2	0.000648716822114492	0.000888318408402082	-759.927423448276	-273.410256658163	0.017642334339157	0.0212499697696184
uc001eai.1-uc009wfz.1	0.00253837581398316	0.00255571977517245	-701.251191666667	-276.667979897698	0.02879982004447	0.0304338874469873
uc001aji.1-uc001ajl.1	0.00777544617182869	0.00678091904887668	-727.751192380952	-284.829852125	0.0473119417936708	0.0425332711549077
uc001eux.2-uc009wlx.2	0.00381578325635034	0.00313221022686665	-752.909824090909	-282.33258085213	0.0325614211252018	0.0314896517575178
uc003ksj.2-uc011cwj.1	0.00135004296889083	0.002924843676692	-1270.75015166667	-292.988469831325	0.0225874179562494	0.0314896517575178
uc003hcl.1-uc003hcm.1	0.00164292008771602	0.0036381690883179	-1253.829305	-293.233108578313	0.0237654047833956	0.0325501277671674
uc004erw.2-uc004ert.2	0.00455905567338536	0.0052791806714395	-965.349245	-290.903220048662	0.035091784993881	0.0386822847997368
uc010yqa.1-uc010ypz.1	0.00945856295101297	0.00942377527876805	-707.362501818182	-284.843962030075	0.0516306344529567	0.0491325035901582
uc001xtu.1-uc010tvj.1	0.0014132894627022	0.000661111588809665	-869.583545882353	-283.247018836634	0.022801643016034	0.0188886775541788
uc001wsy.1-uc001wtc.1	0.000310520299456932	7.48685556134431e-05	-961.916310625	-281.047049185185	0.0142956515221682	0.0119832785153305
uc001ghe.2-uc001ghf.2	0.00111059797343084	0.00126195682902325	-786.36906375	-277.939189823678	0.0203748801140695	0.0233270807789146
uc003fwa.3-uc011btr.1	0.00431800208508406	0.00511660126835531	-601.934286521739	-270.735303226667	0.0341648899209041	0.0382960340330888
uc010xim.1-uc002mbr.3	0.00930176490016589	0.00862780091185137	-718.199631904762	-285.33130905	0.0515825144463745	0.0472092360592
uc002mxo.2-uc010dzh.2	0.00095037883628238	0.00155390798935767	-754.433520714286	-275.03963692112	0.0191646641366034	0.0242182291072662
uc001qhb.1-uc009zcz.1	2.90490649049322e-06	2.92671562243686e-06	-832.602009487179	-253.254548481675	0.00166586295118724	0.00271171550128113
uc001dyb.1-uc001dye.1	0.00408243814091282	0.00829368752574976	-682.24138	-278.126533222506	0.0336510443888396	0.0467357911381742
uc001knt.2-uc001knq.2	0.00201813423842298	0.00144395562712846	-771.533446086956	-280.073986507538	0.0266799130644364	0.0242131370643126
uc001xqv.2-uc010tuw.1	0.00260809129086419	0.00156467906358237	-873.65296	-285.985028300493	0.02879982004447	0.0242182291072662
uc001dmn.2-uc010osr.1	0.000268937368880536	0.000585778688001503	-929.176969444444	-279.130348486352	0.0142956515221682	0.0186057969443344
uc002hbe.1-uc010crl.1	5.02177635130407e-05	0.000194040181555248	220.416993	-347.384208900256	0.0089145776702297	0.0146662778138722
uc003ean.1-uc011bij.1	0.00158567919498663	0.00117676574733238	-832.339421578947	-282.090216119403	0.0234488317319235	0.0225401356502436
uc002kbn.1-uc002kbl.1	0.000832749080646055	0.000587150149472848	-768.246238888889	-275.309815837563	0.018471888697967	0.0186057969443344
uc002nhe.1-uc002nhf.1	0.000737170503056458	0.000309604480257363	-839.224929047619	-278.97748095	0.017642334339157	0.0167874429295104
uc001ngp.3-uc001ngo.3	0.00213552434011595	0.00443848656165329	-1320.190236	-294.744626706731	0.0269983388076835	0.0355613916700718
uc001ktv.2-uc001ktu.2	0.00360960781211878	0.00833844409616329	-662.342718823529	-275.697838372093	0.0324702797909512	0.0468167177498177
uc010tjj.1-uc010tjl.1	0.00488482943047906	0.00265422651866812	-901.8875975	-289.467150904645	0.0361181327586937	0.030548644837501
uc002yju.1-uc010gky.1	0.00545856347242363	0.00867646096887867	-870.635620769231	-288.961894166667	0.0382726864158438	0.0472557249197856
uc010ukd.1-uc010bik.1	0.000781307362684136	0.000614978308557785	-753.238177586207	-273.905124336735	0.0178167286443859	0.0188886775541788
uc003tnb.2-uc003tnc.2	0.00821589340295654	0.00558429999987856	-1180.348046	-296.425422259615	0.0481762421834318	0.0393806127159066
uc004eqe.2-uc011mtj.1	0.00285335081702852	0.00239488403106886	-790.3018955	-282.814658304239	0.0298953740917438	0.0302772903409741
uc002iex.2-uc002ifc.2	0.00617497101462748	0.00499330691617972	-862.532332307692	-289.220087181373	0.0412458352262488	0.0379074566054749
uc001irl.3-uc010qcu.1	0.00311198786715194	0.00327439792451853	-752.016101304348	-281.201873266332	0.0309928587585744	0.0317237881015461
uc003etf.3-uc011bmv.1	0.00109674833229659	0.00200409306611308	-740.794994827586	-274.825665918367	0.0203748801140695	0.0277683276227633
uc002gjd.2-uc002gjj.2	0.000284564941610403	0.00029945936933317	-851.824175652174	-275.434069974874	0.0142956515221682	0.0167710589797608
uc003udy.2-uc003uea.2	0.00069810765687147	0.000338837792752469	-794.4614768	-276.144391338384	0.017642334339157	0.0174573224363097
uc002jat.2-uc010wpf.1	0.00508067244516448	0.00377197974309966	-834.758114666667	-287.422029975369	0.0366770436869862	0.0326851416466992
uc003eds.2-uc011bjh.1	0.0009325451810475	0.00166312334412444	-704.236459428571	-270.89751246114	0.0191646641366034	0.0250495120966891
uc003ziz.1-uc003zja.1	0.0070056789544411	0.0041581901449004	-49.5401273584906	-343.992090054348	0.0439638566246873	0.0345816818974951
uc002zwv.1-uc010gtw.1	0.00391125663254165	0.0027569107191937	-787.349145789474	-284.216622189055	0.0330470963921492	0.0311428803464473
uc001ffk.2-uc001ffj.2	0.00469928595339732	0.00319378635040721	-753.642745238095	-283.4705456	0.0354992499265927	0.031714096546281
uc002eel.2-uc002eem.2	0.00326599427991663	0.00116985749176295	-1071.8632275	-292.106077651332	0.0317754181652106	0.0225401356502436
uc002chn.2-uc002chp.2	0.00151001813031574	0.00257534701209912	-1083.21064111111	-289.965582815534	0.0234488317319235	0.0305041102403973
uc003qgx.1-uc011edb.1	0.00068079250928428	0.00393449972502527	-1755.78428666667	-296.524791937799	0.017642334339157	0.0334501021918525
uc002kum.3-uc010xaz.1	0.000490952555966416	0.000678201459468706	-787.840447037037	-273.967065532995	0.0162313786756369	0.0188886775541788
uc002iay.2-uc010wgs.1	2.11668753328308e-05	1.6708992314328e-05	-779.24563425	-257.335670656168	0.00487525068911673	0.00407699412469602
uc001tkg.2-uc010swj.1	0.00157551406229396	0.0028482408229513	-727.132687931035	-275.836397806122	0.0234488317319235	0.0314535021393888
uc003dno.2-uc011bfz.1	0.000913345017715596	0.00118004560025931	-1228.59706	-291.339460072464	0.0191646641366034	0.0225401356502436
uc003bdd.2-uc010gzf.2	0.00789191422895631	0.00874003647263215	-737.8765805	-285.42938723192	0.0475612054706037	0.0474959665773329
uc002rrf.2-uc002rre.2	0.00656459799932898	0.00962754499245775	-675.768356071429	-280.644279694656	0.0421725566690349	0.0494551784875725
uc002wux.1-uc002wuw.1	0.00627157749208596	0.0054189687883326	-738.966816666667	-284.24103185	0.0416117013108148	0.0391359152357676
uc003puk.1-uc011eay.1	0.00644179412036897	0.00539694968844303	-1206.992174	-296.105180336538	0.041895562600936	0.0391359152357676
uc003uyd.2-uc010lhs.2	0.0029442772715791	0.00195367691331861	-1201.85845166667	-293.984494409639	0.0303123904753291	0.0277103616906817
uc002hez.1-uc010wbn.1	0.00817287244326176	0.00689452248437771	-725.113312380952	-284.968340825	0.0480525512326716	0.0427161522775715
uc010ujs.1-uc010ujt.1	0.000200848543218734	0.000102137134033567	-819.381366666667	-271.805631954315	0.0142956515221682	0.0124607303520952
uc001ftg.2-uc001fth.2	0.00266279881340513	0.00217645166580605	-739.571344	-279.6096775	0.0288765737987045	0.028551301422402
uc002iga.2-uc010wiv.1	0.00379469761372564	0.00314633144715316	-742.819184782609	-281.733353366834	0.0325614211252018	0.0314896517575178
uc001cov.2-uc001cpa.2	0.008051564061757	0.00683228665740875	-736.7892615	-285.483617605985	0.0479064822860832	0.0426362645628577
uc002jyh.1-uc010dhx.1	0.00303008668861299	0.00335626290427027	-687.47788	-276.674106692308	0.0305512872736186	0.0317490355695604
uc004aru.3-uc010mqr.2	0.000911926625725781	0.00142156504625027	-817.378134545454	-278.77793716792	0.0191646641366034	0.0240876299503518
uc001xct.2-uc001xcs.2	0.00359441785299488	0.00340911775378067	-1183.45600833333	-294.250553831325	0.0324702797909512	0.0317490355695604
uc001qoo.2-uc010sfd.1	0.00606066749757287	0.00627949295983821	-686.623524444444	-280.903250583756	0.0410778574835494	0.0408585675253473
uc001dza.1-uc001dyz.1	0.00441493474313577	0.00261738868658794	-936.185658181818	-290.040667439024	0.0345975137804969	0.030548644837501
uc002gof.3-uc010vvt.1	0.00297277525646324	0.00439687805099894	-1034.27236555556	-291.034622815534	0.0304278676748374	0.0355613916700718
uc001cln.2-uc010oko.1	0.00355264340384035	0.00372225589001161	-702.267640357143	-278.756289974555	0.0324702797909512	0.032652202781561
uc002anv.2-uc010bgz.2	0.00570262801572412	0.00751552037837884	-639.389651428571	-276.777404378238	0.0392630514753293	0.0441876378873358
uc002rqq.2-uc002rqr.2	0.000390904963952227	0.000382598714958156	-1088.66563090909	-285.949741341463	0.0149139066233073	0.0174573224363097
uc001gyo.1-uc001gym.1	0.00129381019450736	0.00214360936360602	-742.73706	-275.872972544529	0.0222316681309715	0.0282819708813557
uc002hei.2-uc002hek.2	0.00972914158015466	0.00755985941811772	-907.498626	-292.310777688564	0.0521738581441261	0.0442488168896272
uc002ehi.3-uc002ehj.2	0.00545111122004303	0.00862922921409968	-952.11497	-291.225221873479	0.0382726864158438	0.0472092360592
uc001ctd.3-uc009vzb.2	0.000291291781649823	0.000635909581407861	-694.662605813954	-262.815406984127	0.0142956515221682	0.0188886775541788
uc011kav.1-uc003tey.2	0.00443812369397358	0.00581285064757274	-809.092759411765	-285.792423217822	0.0345975137804969	0.0397446337510445
uc003xeg.2-uc003xej.2	0.00609194444000821	0.00627424408086874	-694.110860769231	-281.437553189873	0.0411754693452078	0.0408585675253473
uc003mhk.2-uc003mhl.2	0.00317469149073621	0.00252520815497613	-1397.145275	-296.465551055156	0.031332773531605	0.0304338874469873
uc001uof.2-uc010tct.1	0.00223002386945918	0.00210703545194704	-982.294416363636	-288.803603195122	0.0275082367220229	0.0282819708813557
uc003hql.1-uc010ikj.1	0.000581545766855636	0.00370298982017955	-1773.81567333333	-296.39538007177	0.0173045325747287	0.032652202781561
uc010vtm.1-uc010vtn.1	0.00417824452982212	0.00186197996272024	-1252.796588	-295.554646514423	0.0336510443888396	0.0272049767008227
uc003pqu.1-uc010kcx.1	0.000581545766855636	0.00370298982017955	-1773.81567333333	-296.39538007177	0.0173045325747287	0.032652202781561
uc003nrg.3-uc003nrf.3	0.0032687008030606	0.0032888154032431	-705.743433928571	-278.508650737914	0.0317754181652106	0.0317237881015461
uc010vhd.1-uc002eia.3	0.00263638155173373	0.0014853031755726	-794.1686685	-282.621801795511	0.0288465066647098	0.0242131370643126
uc009xwy.1-uc009xwx.1	0.000926283300839074	0.000586558562030794	-804.883916086957	-278.146698040201	0.0191646641366034	0.0186057969443344
uc001qhd.1-uc001qhc.1	0.00257316047843356	0.00153271724976195	-855.717706875	-285.242549580247	0.02879982004447	0.0242131370643126
uc002hsj.2-uc010cvy.2	0.00123514451245459	0.00199569328822215	-753.111215185185	-276.34698751269	0.0216816734560375	0.0277683276227633
uc002rfs.3-uc002rfr.3	0.00117259582372723	0.00191459653899311	-684.91304027027	-270.502430729167	0.0213517448499586	0.0276426955925632
uc004arv.2-uc004arw.2	0.000155471446300618	0.000288477584730925	-716.749643333333	-261.507205461741	0.0142956515221682	0.0167710589797608
uc004but.2-uc004buu.2	0.00789438041622725	0.00810922286633032	-698.345595833333	-283.260507783375	0.0475612054706037	0.0461974401649702
uc004fkk.2-uc004fki.2	0.00157293852435918	0.00192976182895799	-752.475198461538	-277.595849949367	0.0234488317319235	0.0276977580156323
uc003gru.3-uc003grt.2	0.00120940851562368	0.000991155349859908	-745.319251785714	-275.688999592875	0.0216071889854416	0.0225401356502436
uc001uhu.2-uc001uhv.2	0.00136759037202448	0.00114423834080396	-1049.042186	-288.866895450122	0.0225874179562494	0.0225401356502436
uc001wsq.2-uc001wsp.2	0.000751968348882104	0.00136329066693448	-791.5639224	-276.327317752525	0.017642334339157	0.0238636575967787
uc004elw.2-uc004elx.2	0.0030099084366377	0.00449458976493976	-800.778364736842	-283.581907860697	0.0304737617651286	0.0356302173282609
uc003usr.2-uc010lgj.2	0.00201135993874871	0.00132424487407902	-761.324671666667	-279.453208488665	0.0266799130644364	0.0236602353660441
uc001sgc.3-uc010soy.1	0.00556281791069505	0.00311856218735392	-745.116585714286	-283.918168975	0.0386675250271101	0.0314896517575178
uc001jnh.3-uc009xpq.2	0.00358700237691087	0.00456451383922315	-717.81448	-279.877314962025	0.0324702797909512	0.0358116198318472
uc003xyo.1-uc011lfc.1	0.0032137534938877	0.0024783790371195	-843.452545	-285.727099185185	0.0314922029119919	0.0304338874469873
uc003ylj.2-uc011lho.1	0.000122107038115551	8.51655800863292e-05	-858.3223524	-272.11277040404	0.0142956515221682	0.0119832785153305
uc003fjv.3-uc003fju.3	0.000269689643951214	0.00020764846444586	-781.596407666667	-270.503385319693	0.0142956515221682	0.0146662778138722
uc002wxq.2-uc010ztw.1	0.00110719176511525	0.00137900644309254	-766.519293846154	-276.671428481013	0.0203748801140695	0.0238636575967787
uc010bhq.2-uc010ujp.1	0.00178398433142122	0.00107723971176071	-826.666051578947	-282.358360472637	0.0250426312592645	0.0225401356502436
uc004axj.2-uc011luy.1	0.000360867432846683	0.000450226465407144	-780.444490689655	-271.892412397959	0.014652348426773	0.0177831407309694
uc002wss.2-uc002wst.1	0.00355460964317634	0.00454747193953579	-710.010523703704	-279.30058819797	0.0324702797909512	0.035793004943443
uc003yjw.2-uc011lhg.1	0.00263277459820671	0.00526252751041695	-680.095148181818	-275.184474226804	0.0288465066647098	0.0386764070042692
uc002hqs.2-uc010cvp.2	6.74721561596038e-05	6.42948195652581e-05	-904.326086956522	-272.400039924623	0.0109754707352956	0.0119832785153305
uc001wzd.2-uc001wzg.2	0.00524454201372216	0.00519541123898267	-700.939957692308	-280.988043012658	0.0371996584694246	0.0385313173954946
uc003mvm.3-uc003mvo.3	0.00345146663391892	0.00284886228393644	-780.8827055	-283.284443341646	0.0324702797909512	0.0314535021393888
uc003wit.3-uc003wiv.3	0.00712366251441441	0.0056618965504735	-832.501897857143	-288.844445503686	0.0441127390822183	0.0394812785984701
uc003kop.1-uc011cvg.1	0.00733013245177932	0.00651507824857338	-899.944252727273	-291.012997829268	0.0451654625816705	0.0415523723718574
uc001yps.2-uc001ypt.2	0.00482266142545933	0.00486240055757647	-682.148765862069	-279.16429	0.0358758959698804	0.0371967245423782
uc002rov.2-uc010ynb.1	0.00224118922493466	0.00114511616587638	-863.216956875	-284.94628291358	0.0275082367220229	0.0225401356502436
uc003fce.2-uc003fcg.2	0.00190342771066625	0.0034444699955699	-854.422115294118	-283.884999826733	0.0259461654414841	0.0317534936369091
uc001ymm.1-uc010awo.1	0.00656168490410825	0.00652236008951696	-736.628202380952	-284.3638091	0.0421725566690349	0.0415523723718574
uc001gwe.2-uc009wzm.2	0.00358848046346032	0.00207265630036656	-668.378806666667	-276.180967190722	0.0324702797909512	0.0282529685636559
uc010ssp.1-uc001srv.2	0.000642654930727381	0.000769031530247769	-687.47346125	-266.970544461942	0.017642334339157	0.0199795902421746
uc010aaz.2-uc001uto.3	0.00865838681939946	0.00660086468023233	-862.216969166667	-290.631081320293	0.049476496110854	0.0417717539743414
uc003kld.2-uc003klc.2	0.00502302501089911	0.00202571513313882	-750.292597142857	-283.646428375	0.036476729245815	0.0277683276227633
uc003gmf.2-uc003gmg.2	0.00941974894628487	0.00704575462422199	-856.169445833333	-290.808514767726	0.0516306344529567	0.0427161522775715
uc002mnq.2-uc010xle.1	0.000282275084852307	0.000343959354735418	-807.593465925926	-272.613432258883	0.0142956515221682	0.0174573224363097
uc001gxm.1-uc010ppv.1	0.00187430974638822	0.000663050582062878	-785.908053636364	-280.513129598998	0.0258379422665946	0.0188886775541788
uc001lxs.2-uc001lxv.2	0.00102618088645215	0.000777893882379747	-1159.6475075	-290.405655762712	0.0197156012830177	0.0199795902421746
uc003grk.2-uc011bxs.1	0.000200243862412105	0.000216387705450573	-819.484646296296	-271.798554416244	0.0142956515221682	0.0146662778138722
uc001iga.2-uc001igb.2	0.00673058297370112	0.00592067342193796	-715.23541	-283.327390603015	0.0428789098063466	0.0400178480596361
uc003tfh.3-uc011kba.1	0.00516031700195568	0.00451814335226603	-666.143104193548	-278.369947846154	0.0370328631905054	0.0356772484774405
uc002grs.1-uc002grp.1	0.00469017148550506	0.00308980696283424	-690.477155357143	-279.596324529262	0.0354992499265927	0.0314896517575178
uc002gph.1-uc002gpj.2	0.0026605628453759	0.00554110154010749	-662.450489444444	-273.679216285714	0.0288765737987045	0.0393420521745242
uc003xow.1-uc010lxj.1	0.00225238105231091	0.00157751734182219	-789.256308095238	-281.60083355	0.0275082367220229	0.0242182291072662
uc001aws.2-uc001awt.2	0.00828781753691531	0.00848372804660598	-954.080541111111	-292.786385970874	0.0482631856564996	0.0471532948376278
uc003soi.3-uc003soj.2	0.00914726022324142	0.0036055821416811	-782.07340625	-288.151954049383	0.0511910893227272	0.03246354400628
uc001zoz.2-uc010bcq.2	0.00163662770394483	0.00103401598999653	-816.9213305	-281.487005685786	0.0237654047833956	0.0225401356502436
uc001ssg.3-uc001ssf.2	0.00252615912085006	0.00196861692431404	-751.377784583333	-280.05453163728	0.02879982004447	0.0277103616906817
uc003eho.2-uc010hrx.2	0.000924187638128547	0.000531826186649369	-804.977933913043	-278.141264849246	0.0191646641366034	0.0180408343199388
uc003xaa.3-uc010ltk.2	2.89788664680578e-06	9.35325977841986e-06	-1059.105542	-269.407992643392	0.00166586295118724	0.00356092497137826
uc004bay.1-uc004baz.1	1.38861894941439e-05	3.33407643600139e-06	-789.3947615	-256.270145485564	0.00385744039708993	0.00271171550128113
uc001jtb.1-uc010qjx.1	0.000779450643567945	0.00113748287076029	-753.324343448276	-273.898749821429	0.0178167286443859	0.0225401356502436
uc003vor.2-uc003vos.2	0.0023015787779724	0.000632239009511613	-880.684347333333	-285.725247980296	0.0275286873443758	0.0188886775541788
uc003job.2-uc003joc.2	0.0046360933643442	0.00284817580964008	-1095.28299571429	-293.593562608696	0.0354610276144196	0.0314535021393888
uc002qsw.1-uc002qsx.1	0.00774901817477743	0.00616631397801949	-738.8665745	-285.380010972569	0.0472690108661423	0.0406164558217438
uc001tnj.2-uc010sxf.1	0.00637324508766727	0.00437575721139967	-788.580254117647	-286.655573193069	0.0418030054137316	0.0355613916700718
uc002fxc.1-uc010ckn.1	0.00367286771405841	0.0031139886713015	-754.736442727273	-282.231865037594	0.0324702797909512	0.0314896517575178
uc001tay.2-uc001taz.2	0.00476958433225256	0.00334836315518551	-776.953831578947	-284.70794300995	0.0356536605244956	0.0317490355695604
uc002kuu.2-uc002kuv.2	0.000549637519745292	0.000476986512069896	-881.039656315789	-279.788463731343	0.0169761461794748	0.0178019546173514
uc001pjq.2-uc010rvu.1	0.000636211729644443	0.000839340841950721	-744.621950322581	-272.131885717949	0.017642334339157	0.0204799165435976
uc003lrl.2-uc011dcd.1	0.00676965797050517	0.00422013183191284	-689.238259615385	-281.758281367089	0.0430155350209183	0.0347875732090112
uc002slt.2-uc002slu.2	0.00540735714905385	0.0034325678497133	-770.273162631579	-285.023696019901	0.0381328076407266	0.0317534936369091
uc001byx.2-uc001byw.2	0.00285681979541111	0.00505252654026444	-665.379661714286	-274.420797227979	0.0298953740917438	0.0380498912291519
uc002ndn.3-uc002ndo.3	0.00484501820542324	0.0079333313930868	-712.8981648	-281.293590328283	0.035932657815297	0.0457212198903496
uc002pbn.2-uc002pbm.2	0.000376490912366876	0.00101138342171781	-762.3418	-270.723384846154	0.0148167391318577	0.0225401356502436
uc004dka.1-uc011mlz.1	0.00706304581839239	0.00688250241083843	-722.484777272727	-284.01015235589	0.0439638566246873	0.0427161522775715
uc002rnr.2-uc002rnq.2	0.00283063124555622	0.00260619214509944	-604.607524081633	-267.712223682796	0.0298953740917438	0.030548644837501
uc002rgy.2-uc010yks.1	0.00310834467812634	0.00159059914352689	-799.146051578947	-283.65905699005	0.0309928587585744	0.0242182291072662
uc002cxp.1-uc002cxo.1	0.00853772585366941	0.00617012783506036	-991.56656125	-293.661461016949	0.0490165907834197	0.0406164558217438
uc003dcn.2-uc010hly.2	0.00175324043681792	0.00230091206404194	-739.258072962963	-277.296314517767	0.0250169980458229	0.0297048964881606
uc003act.2-uc003acq.2	0.00476264831087097	0.00562322109686167	-857.977289285714	-287.968142113022	0.0356536605244956	0.0394812785984701
uc001pgy.2-uc010ruq.1	0.00119840886241407	0.00312495143988744	-754.287024074074	-276.26641177665	0.0216071889854416	0.0314896517575178
uc001irx.2-uc010qcz.1	8.04299556691031e-08	5.597791386988e-06	691.50724	-343.811144064039	0.000196249091832611	0.00341465274606268
uc002fbm.1-uc010vml.1	0.0039697794003901	0.00314896517575178	-849.435742666667	-286.879753078818	0.0331721292361364	0.0314896517575178
uc002act.2-uc010ugg.1	0.00318464255567132	0.00570218166529137	-692.280761666667	-277.356248184143	0.031332773531605	0.0396390976162705
uc003afi.2-uc011ako.1	0.00494625952130546	0.00401152908188637	-720.82264875	-281.901693501259	0.0362428625585145	0.0337521757234577
uc002tsa.1-uc010fmx.1	0.00371829980896143	0.00249555918245257	-765.24655047619	-282.861345825	0.0325614211252018	0.0304338874469873
uc003lqh.2-uc003lqi.1	0.00191825167183833	0.0015032794912153	-744.356087692308	-278.13027243038	0.0260029671071418	0.0242131370643126
uc003qho.2-uc011edm.1	0.002317379341297	0.0014003153002885	-828.406246666667	-283.631274069479	0.0275824663061692	0.0239556549577142
uc003gda.2-uc010ibt.2	0.00882504089968615	0.00618697343066347	-818.507941428571	-289.32581009828	0.0498251876659478	0.0406164558217438
uc003cyg.2-uc003cyh.2	0.00227040837474134	0.00150918541679093	-788.882839523809	-281.62044065	0.0275082367220229	0.0242131370643126
uc002rya.2-uc002ryb.3	0.00361310702631886	0.00619234490397078	405.778277777778	-322.492039781553	0.0324702797909512	0.0406164558217438
uc002thk.1-uc002thl.1	0.000715627867893999	0.00124193396309985	-612.774551896552	-258.054523085399	0.017642334339157	0.0231322051142261
uc001iig.2-uc001iii.2	0.000987922192822397	0.00133816085266971	-840.049459	-280.333483067332	0.019251508962717	0.0236602353660441
uc003nhv.2-uc011dkk.1	0.00497800198579267	0.00392600398534171	-750.746648095238	-283.6225907	0.036257686105475	0.0334501021918525
uc010rfh.1-uc010rfi.1	0.00064450222003785	0.00100067694800438	-777.843653703704	-274.652124974619	0.017642334339157	0.0225401356502436
uc002iqu.2-uc010dbt.1	0.00403220033942274	0.00214312431186599	-750.25838	-282.478775764411	0.0334645198237805	0.0282819708813557
uc002bxm.2-uc002bxl.2	0.00568732516626412	0.00475276194734639	-743.987108571429	-283.977466525	0.0392630514753293	0.0369292093059841
uc003mfa.2-uc003mez.2	0.00398516175261686	0.00544384136384721	-1173.80269	-294.390119879518	0.0331870125473896	0.0391359152357676
uc010xeg.1-uc010xeh.1	0.00209820595100998	0.00449699759096464	-660.191711315789	-271.873187624021	0.0268043063898658	0.0356302173282609
uc003uaa.1-uc003uab.2	0.00875485936305949	0.00563444367413802	-769.941587058824	-287.439873539604	0.0498251876659478	0.0394812785984701
uc001tdz.2-uc009ztb.1	0.00366175851375866	0.00262062723721307	-790.759361052632	-284.055442860697	0.0324702797909512	0.030548644837501
uc003xcu.2-uc003xcs.1	0.00964064290953027	0.00813756965088272	-738.350192105263	-286.532493134328	0.052157801993911	0.0461974401649702
uc004eng.2-uc004enf.2	0.00557659936552809	0.00418405997408384	-781.860964444444	-285.710219677419	0.0386675250271101	0.0346071401246256
uc002zdk.2-uc002zdl.2	0.000305256585218349	0.000404205158899065	-769.247082580645	-270.174503410256	0.0142956515221682	0.0174573224363097
uc002aqb.2-uc010bhv.2	0.00987136033220155	0.00703128779782142	-638.560172903226	-280.56243725641	0.0524462395916918	0.0427161522775715
uc003bkv.3-uc003bkt.1	0.00133937368963403	0.00202572226100486	-718.269520967742	-274.226566	0.0225874179562494	0.0277683276227633
uc003cyc.2-uc011bdi.1	0.00450662219277652	0.00440443483197239	-685.00833137931	-278.952740510204	0.0349084385726181	0.0355613916700718
uc002yeh.2-uc011aaq.1	0.0038166255909048	0.00602508758717004	-723.7100604	-280.611021161616	0.0325614211252018	0.0403879497601508
uc003ztq.1-uc003zto.1	0.00346808217558401	0.00591533687622499	-711.061926666667	-279.228537741117	0.0324702797909512	0.0400178480596361
uc001mso.1-uc001msp.2	0.00443761469082363	0.00498168018935654	-1246.54114	-295.6298321875	0.0345975137804969	0.0379074566054749
uc002wdx.1-uc002wdy.1	0.000679562920557715	0.0010852216840603	-775.874663333333	-274.787055786802	0.017642334339157	0.0225401356502436
uc002nah.1-uc002nai.1	3.14818770710696e-05	1.01215370452869e-05	-838.527631612903	-264.667587974359	0.00640131500445082	0.00356092497137826
uc004dmi.2-uc004dmh.2	0.00285935242366321	0.00108822370531019	-1082.39795375	-291.902015157385	0.0298953740917438	0.0225401356502436
uc001iil.3-uc001iim.3	0.00929427459939421	0.00808688539363368	-728.927072	-285.875746758105	0.0515825144463745	0.0461974401649702
uc002wub.2-uc010gdc.2	0.000920958309959346	0.00133454631614568	-873.609040555556	-281.612290719603	0.0191646641366034	0.0236602353660441
uc002xty.2-uc010ghy.2	0.0034615058129251	0.00400595077951944	-695.964031724138	-278.142242270408	0.0324702797909512	0.0337521757234577
uc009zlk.2-uc001rvc.3	0.00238144973154174	0.00319740481573161	-744.3874036	-279.305633333333	0.0282074628396206	0.031714096546281
uc001ntq.1-uc010rlx.1	0.00888343281318262	0.00690935992792707	-769.070341764706	-287.476534851485	0.0499437236501511	0.0427161522775715
uc003gdz.3-uc011bvh.1	0.00884192879481778	0.00866655254757375	-676.656871153846	-282.586423392405	0.0498251876659478	0.0472557249197856
uc001iew.1-uc010pzq.1	0.000710105682699117	0.000882688859511972	-783.740558846154	-275.537876860759	0.017642334339157	0.0212499697696184
uc002vvn.2-uc002vvm.3	0.00618687528393732	0.00646877203700196	-1319.316805	-297.212107122302	0.0412458352262488	0.0415523723718574
uc003kdc.3-uc011css.1	0.00273408620122099	0.00295901258363429	-620.318612888889	-269.415899760638	0.0292595189955229	0.0314896517575178
uc002nhn.3-uc010ebh.2	0.00309544323120875	0.00304908256488602	-799.357291578947	-283.64907300995	0.0309928587585744	0.0314896517575178
uc002ppo.2-uc010enk.2	0.000655347181001845	0.000388835493480587	-807.64824625	-276.652790881612	0.017642334339157	0.0174573224363097
uc009wwd.2-uc010pmn.1	0.00361298737116183	0.0051919082152139	-791.450481578947	-284.022777960199	0.0324702797909512	0.0385313173954946
uc010jaf.1-uc003kga.2	0.0026012988516583	0.00554658440493292	-894.419045714286	-286.714617321867	0.02879982004447	0.0393420521745242
uc001nxk.1-uc010rmr.1	0.00425073783313337	0.00645472954313975	-770.379919	-283.808273092269	0.0340914197951337	0.0415523723718574
uc002eyv.2-uc010vma.1	0.000789709690944481	0.000472783207807526	-800.221642083333	-277.101754357683	0.0178415893139309	0.0178019546173514
uc002eof.1-uc010vim.1	0.00704960445574438	0.00544975973357068	-732.896205238095	-284.55973895	0.0439638566246873	0.0391359152357676
uc002wxh.2-uc002wxi.2	0.00202532654227811	0.00325914711030459	-868.658326875	-284.731315209877	0.0266799130644364	0.0317237881015461
uc003den.2-uc003dem.2	0.00416835851012546	0.00251293839280126	-828.7802125	-286.306746888889	0.0336510443888396	0.0304338874469873
uc001epe.2-uc010ozn.1	0.00377076793388623	0.0066094551364479	-724.2513	-280.576851994949	0.0325614211252018	0.0417717539743414
uc004cak.2-uc004caj.2	0.0059827657477841	0.00762596316611062	-888.103228333333	-289.871582273839	0.0408906118335944	0.0445151916873443
uc003vmi.2-uc010lle.2	0.00153738783010089	0.00292290174125791	-681.523330833333	-271.895781766234	0.0234488317319235	0.0314896517575178
uc003gbl.3-uc003gbk.3	0.00774901817477743	0.00616631397801949	-738.8665745	-285.380010972569	0.0472690108661423	0.0406164558217438
uc003okx.2-uc011dtf.1	0.0014127966837099	0.00279528429576717	-696.335522058824	-272.711390542636	0.022801643016034	0.0314308464593175
uc003huf.3-uc010ild.2	1.42282637597579e-05	1.65178349559292e-05	-870.618604	-263.673037774936	0.00385744039708993	0.00407699412469602
uc003efk.2-uc010hrj.2	0.00429541831116895	0.00387788899812303	-694.243049285714	-279.328016564886	0.0341414976923805	0.0333170744909162
uc001bvb.1-uc010ohf.1	0.00958062813637954	0.00702517479864605	-751.088935555556	-287.084652729529	0.052063992545136	0.0427161522775715
uc001njs.2-uc001njp.2	0.000238299714421098	0.000215711060752203	-823.7964	-272.901289848101	0.0142956515221682	0.0146662778138722
uc002jad.2-uc002jaf.2	0.00636459834439118	0.00413511093535281	-860.529153076923	-289.283913970588	0.0418030054137316	0.0345536667200715
uc001nub.2-uc001ntz.2	0.00090261776437431	0.0027482809559305	-667.292300238095	-266.987966437995	0.0191646641366034	0.0311428803464473
uc011cdi.1-uc011cdl.1	0.00148514337390339	0.00114492467904281	-754.799875769231	-277.44283321519	0.0234488317319235	0.0225401356502436
uc002eyy.2-uc002eyz.2	0.00107036429404736	0.000387569277290096	-810.536008181818	-279.15519726817	0.0202456502129888	0.0174573224363097
uc003utu.2-uc010lgq.2	8.77914967800747e-05	9.25705381379018e-05	-799.87204375	-266.372263470437	0.0133882032589614	0.0119832785153305
uc001gqg.2-uc001gqf.2	0.00453363158505997	0.00616836574480766	-755.438318571429	-283.376278	0.035006522365653	0.0406164558217438
uc002eur.2-uc002eus.2	0.00255008918221894	0.00511550963188681	-771.87331	-281.286975112782	0.02879982004447	0.0382960340330888
uc010fdj.1-uc002sfp.2	0.0097909063299565	0.00786458652131318	-633.2724871875	-280.077111311054	0.0523368143511822	0.045580976513074
uc010pqp.1-uc010pqq.1	0.000767142612280254	0.00100217225590388	-918.5814025	-282.759045555556	0.0178167286443859	0.0225401356502436
uc003djj.2-uc003djm.2	0.00851125067374294	0.00806064938724513	-609.555234473684	-276.89717227154	0.048992478805306	0.0461974401649702
uc004eyw.3-uc004eyx.3	0.00137005649898562	0.00234463265642856	-664.12663725	-269.421654593176	0.0225874179562494	0.0299523752967838
uc003tak.2-uc011jzx.1	0.000949452236192988	0.00104758459215061	-1115.17849555556	-289.267255898058	0.0191646641366034	0.0225401356502436
uc002xhr.2-uc010zvx.1	0.00349096561506671	0.00212484203359456	-952.366955454545	-289.606535073171	0.0324702797909512	0.0282819708813557
uc001slc.2-uc001slb.2	0.00260850829091306	0.0026909867488713	-731.507182692308	-278.976023139241	0.02879982004447	0.0308263270762721
uc003gde.3-uc010ibv.2	0.000492263123769316	0.000696165846567241	-778.479758214286	-273.326418982188	0.0162313786756369	0.0190858951193715
uc002tmk.2-uc002tmm.2	0.00704960445574438	0.00544975973357068	-732.896205238095	-284.55973895	0.0439638566246873	0.0391359152357676
uc003evx.3-uc003evy.3	0.00240774682477426	0.00476750038171516	-710.60634137931	-277.059010178571	0.0282447223675442	0.0369292093059841
uc002ihc.2-uc010czw.1	0.00815250126052105	0.00595922584305016	-774.181578235294	-287.261458069307	0.0480525512326716	0.040056504289373
uc002gsx.1-uc010cpz.1	0.00286701538420822	0.00173299797410402	-803.236403684211	-283.465731890547	0.0298953740917438	0.0256273639806898
uc010ukw.1-uc002ave.3	0.00709325723714706	0.00525868776689786	-814.322839333333	-288.177027832512	0.0440395614723635	0.0386764070042692
uc002mng.2-uc002mnf.2	0.00823339876659469	0.00794499886619189	-696.269568333333	-283.38601070529	0.0481762421834318	0.0457212198903496
uc001vrn.2-uc001vrp.1	0.00150002268862775	0.00435640053652629	-977.157875	-287.25873200489	0.0234488317319235	0.0355613916700718
uc001klb.3-uc001kla.3	0.0094240048463242	0.0090341051986465	-728.161191	-285.913945311721	0.0516306344529567	0.0483480787214604
uc002hrg.2-uc010cvr.1	0.0013872887849936	0.00048903451748627	-1137.5957525	-290.832808401937	0.0227180176871435	0.0178019546173514
uc002xfw.2-uc010zvr.1	0.00218201088043755	0.0037197170447693	-816.837868947368	-282.822876567164	0.0273031105039366	0.032652202781561
uc002nez.1-uc010eaj.1	0.00334435826807248	0.0028352894708304	-759.192351363636	-281.986175839599	0.0322538900161931	0.0314535021393888
uc002gpy.2-uc002gpz.2	0.00028071366047773	8.91349202041906e-05	-1107.40152454545	-285.44707102439	0.0142956515221682	0.0119832785153305
uc001mqb.2-uc010rdn.1	0.00155693119574065	0.000770529834547776	-947.909940769231	-286.499722205882	0.0234488317319235	0.0199795902421746
uc002bau.2-uc002bav.2	0.000965380086063426	0.000735768370505948	-745.514245517241	-274.476537678571	0.0192315669093915	0.01972829476961
uc010pwa.1-uc001htu.2	0.00935300417287983	0.00855313510656274	-944.053695555556	-293.005419004854	0.0516306344529567	0.0471756379386708
uc002elq.2-uc002els.2	0.00806949353261483	0.00662028583614211	-824.395332857143	-289.123295405405	0.0479064822860832	0.0417717539743414
uc002scl.2-uc010ypx.1	0.00557826590555031	0.0035100654348907	-811.901649375	-286.973554320988	0.0386675250271101	0.0319704324545497
uc002kdu.2-uc002kdv.1	0.000360330873409905	0.00224731128920525	-1232.41424625	-288.996130556901	0.014652348426773	0.0291672316258554
uc001ouf.2-uc009yts.2	0.0067156747605338	0.00438723243807397	-1202.480048	-296.159412620192	0.0428789098063466	0.0355613916700718
uc003hvu.2-uc010ilk.2	0.00299936225193373	0.00578403797260238	-743.750027916667	-280.515655465995	0.0304737617651286	0.0397446337510445
uc003jnq.3-uc003jnp.3	0.000200464560977614	0.000302428932421916	-752.484418857143	-266.522697487047	0.0142956515221682	0.0167710589797608
uc001qsl.2-uc009zfr.2	0.000448915478172826	0.000240876221930716	-811.3559112	-275.077823510101	0.0161081436285543	0.0158848103111067
uc003uly.2-uc011khs.1	0.00229797401421825	0.00339736713281435	-1099.442975	-291.571845254237	0.0275286873443758	0.0317490355695604
uc001onw.2-uc001onz.2	0.00206487928902653	0.00444517395875898	-750.4709412	-278.921571616162	0.0266799130644364	0.0355613916700718
uc001mvk.2-uc010ren.1	0.00159908191416775	0.0025302352781017	-674.627304324324	-271.493504244792	0.02350457753355	0.0304338874469873
uc003ldx.2-uc011czb.1	0.000651757757108298	0.00339736713281435	-1191.8920325	-289.781064479419	0.017642334339157	0.0317490355695604
uc004dhk.3-uc004dhm.2	0.00799147616524332	0.00691985530751935	-716.148091363636	-284.359543558897	0.047840480825333	0.0427161522775715
uc010axa.2-uc010tyk.1	0.00412141872089499	0.00310691136111228	-784.626088947368	-284.345323880597	0.0336510443888396	0.0314896517575178
uc003bkb.1-uc003bka.1	0.00938068339548469	0.00735712128706443	-856.46897	-290.799726772616	0.0516306344529567	0.0436773137236915
uc001qde.2-uc010sbl.1	0.00691565015365904	0.00626198072025978	-783.8451	-286.854824727723	0.0437155087433369	0.0408585675253473
uc001qii.1-uc001qik.1	0.00459787776075893	0.00322949035241528	-905.9499325	-289.347962591687	0.0352793136360119	0.0317237881015461
uc003euq.1-uc003eup.1	0.00377769412693378	0.0039588727652797	-1016.24264888889	-291.428475849515	0.0325614211252018	0.033540449816953
uc002zil.2-uc011afv.1	0.001947914766062	0.0011452723447561	-822.396799473684	-282.560141044776	0.0262591824817198	0.0225401356502436
uc003crh.1-uc003crg.2	0.00020996550021577	0.00050341592975297	-758.171626176471	-267.27876124031	0.0142956515221682	0.0178019546173514
uc001wqm.1-uc010amf.1	0.000128613464343807	8.06694358581079e-05	-980.109591764706	-278.596170371287	0.0142956515221682	0.0119832785153305
uc003xps.2-uc003xpu.2	0.00658514102086161	0.00187922804662557	-881.481411666667	-290.065865403423	0.0421725566690349	0.0272935502009905
uc003xry.2-uc011ldx.1	0.00156409015682696	0.00145238151785658	-752.704018076923	-277.580788405063	0.0234488317319235	0.0242131370643126
uc004fjs.1-uc010nur.2	0.00313906253557384	0.00249359612497774	-863.085757333333	-286.375442192118	0.0311354170195129	0.0304338874469873
uc001knf.2-uc001kne.2	0.000740268437024919	0.00182369775948807	-705.645163888889	-269.64023374026	0.017642334339157	0.0268061598382584
uc001ryk.2-uc001ryj.1	0.00417879772533541	0.00214432975944705	-812.435021764706	-285.651783465347	0.0336510443888396	0.0282819708813557
uc002ftj.2-uc010vqq.1	0.00213288505613132	0.00264545385655876	-804.3980455	-282.111608428928	0.0269983388076835	0.030548644837501
uc010owx.1-uc001egh.2	0.000280493912205846	0.000188964818213261	-789.006225172414	-271.25901877551	0.0142956515221682	0.0146662778138722
uc002xmd.1-uc010ggr.1	0.00771381804498051	0.00931494698080871	-649.271957096774	-279.71098774359	0.0472690108661423	0.0488784314691898
uc002njh.2-uc002njg.2	0.00879071350229377	0.00904067013428909	-756.102026666667	-286.860742952854	0.0498251876659478	0.0483480787214604
uc001bdw.1-uc010odf.1	0.00205879253373501	0.00513656296722368	-1061.16844222222	-290.447087160194	0.0266799130644364	0.0383278704587944
uc001hde.3-uc009xbq.2	0.00468469224865493	0.00765868799249105	-714.4383092	-281.196358989899	0.0354992499265927	0.0445995195744109
uc010ppm.1-uc001gvo.2	0.00359806747255731	0.00584612459712727	-791.663595789474	-284.01270539801	0.0324702797909512	0.0397446337510445
uc003jpy.3-uc011cqi.1	0.000720465812625269	0.00245488446765419	-1090.276244	-287.863633698297	0.017642334339157	0.0304338874469873
uc002uiq.2-uc010zen.1	0.0017749041995697	0.00137301198225417	-997.090009090909	-288.406648268293	0.0250426312592645	0.0238636575967787
uc001brc.2-uc010ofx.1	9.51758933803495e-05	9.21680073840381e-05	-879.147901666667	-272.330393576826	0.0136605399910619	0.0119832785153305
uc002lqw.3-uc010dsc.2	0.00378011311445643	0.00293345537550394	-685.376681666667	-277.885972992327	0.0325614211252018	0.0314896517575178
uc001ycj.2-uc010twr.1	0.000308727716175159	0.000396926974046289	-804.446702962963	-272.829073375634	0.0142956515221682	0.0174573224363097
uc002eci.1-uc002ech.1	0.00636919646434512	0.00575970639396577	-860.481247692308	-289.285440367647	0.0418030054137316	0.0397446337510445
uc002fiy.2-uc010cho.2	0.00143547702983983	0.00330239433516094	-1135.0646275	-290.881837457627	0.0228925748549619	0.0317237881015461
uc009yoz.2-uc010rmy.1	0.00123260000698892	0.00329958632095879	-1278.502565	-292.876386746988	0.0216816734560375	0.0317237881015461
uc002kwp.2-uc010xbp.1	0.0037834301484053	0.00557032351718493	-707.337985185185	-279.483731700508	0.0325614211252018	0.0393806127159066
uc001fct.2-uc010pec.1	0.000537218217799967	0.000949170296117618	-715.811849722222	-268.689582597403	0.0168999138108456	0.0222689954089133
uc001cfj.2-uc010ojj.1	0.000179271434803767	0.000151776497325429	-813.3126	-270.844689796438	0.0142956515221682	0.0137160982768166
uc011lyh.1-uc004ble.1	9.0434465525999e-06	0.000268129876798543	342.211365833333	-346.165714534005	0.0036522648522668	0.0167710589797608
uc002flk.2-uc002fll.2	0.00799955581013764	0.00584767357238728	-997.2607875	-293.551161234867	0.047840480825333	0.0397446337510445
uc010uhc.1-uc002agi.3	0.00657519700086806	0.00809142829068013	-690.589936153846	-281.669310253165	0.0421725566690349	0.0461974401649702
uc002unp.2-uc002uno.2	0.000170639405058257	0.000115429468166121	-1134.80835181818	-284.711765902439	0.0142956515221682	0.0131665812937843
uc004ase.1-uc010mqy.1	0.000181438393153485	0.000119142937990701	-911.6797005	-276.76090244389	0.0142956515221682	0.0131665812937843
uc001wix.2-uc001wiw.2	0.00864804944627476	0.00735031707558415	-801.844209333333	-288.638060960591	0.049476496110854	0.0436773137236915
uc004bov.2-uc004bow.2	0.00226363313313573	0.00344863762859873	-685.693064242424	-274.708362809278	0.0275082367220229	0.0317534936369091
