p.linear.model	p.wilcox	mean.switch	mean.wt	FDR_linear	FDR_wilcox
uc002twu.1-uc010zbu.1	6.6305196711741e-05	4.62953018775683e-05	1021.29553096774	601.168084873418	0.00239155985380969	0.00310285444941792
uc003bdd.2-uc010gzf.2	0.00481362477466081	0.00183443683065697	123.541268	637.128123252525	0.0367522008342716	0.0272173180832226
uc003xpm.2-uc010lxp.2	0.00137389644544176	0.000502956875646206	315.0588953125	648.059088879493	0.0173141765699512	0.0138445497875245
uc003ipx.2-uc010iqi.2	2.00986368852512e-05	8.74706314249758e-05	249.513739210526	657.670902783726	0.00107811149651142	0.00494563678219052
uc003fcu.1-uc003fcv.1	2.3578694081015e-06	1.15064002384223e-06	877.317612043011	570.444892645631	0.000205527616739514	0.000302223164504112
uc003mxn.2-uc003mxo.2	0.00895375567069001	0.00177736994446055	233.875392857143	638.166147026477	0.0550225090711168	0.0267500570058379
uc004dbf.2-uc010nfz.2	0.000208412668735362	0.00611707887986677	-112.790745	638.865512374245	0.00512940356463973	0.0498704283455733
uc003yta.1-uc003ysz.1	0.0027712391944999	0.00541100736186952	177.469280714286	639.774467942974	0.0258813946200616	0.0462033771470654
uc004aru.3-uc010mqr.2	3.77996910834309e-05	0.000218134859321195	51.390748125	645.790555664622	0.00153422622804785	0.00833213769190748
uc002klh.3-uc010dkj.2	0.00107159170982433	0.000433812334236459	228.946547142857	644.227182231405	0.0149430183970631	0.0124319918249681
uc001cln.2-uc010oko.1	0.000269012426930566	0.000118594056136004	246.298101428571	649.302907442348	0.0057425918075382	0.00632910096221827
uc001qoo.2-uc010sfd.1	0.00521885726799029	0.0016853063431604	424.165985454545	651.743787755556	0.0388324677717802	0.0261160064436411
uc002tjc.2-uc002tjh.2	0.00545108233822504	0.000316290920354135	379.666103421053	647.080346381156	0.0395681148443109	0.0102002216530754
uc010ujs.1-uc010ujt.1	0.0019895856502461	0.000229656088824771	363.19097	650.265094655172	0.0211279856868774	0.00833213769190748
uc001rpg.2-uc010sli.1	7.58156727118429e-06	2.10304013816088e-05	358.628963289474	674.494248205128	0.000495644960353673	0.00209502855668217
uc001hmc.2-uc001hmd.2	0.00143222906380675	0.00202544655424296	193.917588235294	642.043513709016	0.0175556290467967	0.0286299607532181
uc010ukd.1-uc010bik.1	0.00433810257428409	0.00249812247349845	373.188973947368	647.607393319058	0.0345068843551419	0.0316731649367198
uc003kpv.1-uc003kpu.1	0.00148601995065276	0.00599986650230083	331.758449428571	648.941038212766	0.0175556290467967	0.0493573563052084
uc001irl.3-uc010qcu.1	2.65473465417933e-07	1.15572911856257e-06	82.3955337037037	657.717895983264	3.98860406936983e-05	0.000302223164504112
uc011dvl.1-uc010jyu.2	0.0047753881973204	0.00531534670786144	186.375963846154	638.599484065041	0.0367283533411554	0.0459491955076287
uc001odj.2-uc001odk.2	0.00376184196733952	0.00215202079031614	174.659309230769	638.90907046748	0.0312292595066439	0.0293989230321586
uc001mhl.2-uc001mhk.2	0.000535077167680436	0.000178308501906999	125.689868666667	642.303031959184	0.00944910970178366	0.0077547829644233
uc001kwt.2-uc001kwu.2	0.00398003971948913	0.00378852909549124	306.7581192	643.635168145833	0.0327199629236026	0.0384738003289693
uc003ykz.3-uc011lhl.1	0.00567284293151762	0.00723318964004718	176.910024166667	637.912603245436	0.0400932007186988	0.0558370211327628
uc001dib.3-uc001dig.3	0.000119708022172342	0.00701859476489224	-25.0835545454545	641.477232368421	0.00357755974835057	0.0547869412244573
uc003lzv.2-uc003lzw.2	0.00125418656457977	0.00361248024453107	102.761641666667	639.717432028398	0.0164513433513504	0.0379577811107066
uc002mti.2-uc010xmh.1	0.00174029902570612	0.00148207514122259	-42.7461171428571	636.371599417671	0.01967948952312	0.0243036774921664
uc002jat.2-uc010wpf.1	0.00119877094326104	0.000362695253481435	294.312155517241	647.224330210084	0.0160758257262955	0.0111582127982818
uc003msy.1-uc003msx.2	0.00137395045420849	0.00571522617300823	227.4615515	643.43217043299	0.0173141765699512	0.0482106982013436
uc011byh.1-uc003gtn.2	3.48673700622459e-05	0.00305066176741276	-108.780756	641.821497474748	0.00148862322796364	0.0344972130671756
uc003pnz.1-uc003pob.1	9.74321355309157e-07	6.07913277500875e-06	1287.56000470588	603.94531477459	0.000113237793072598	0.000794846610332394
uc011bue.1-uc011bud.1	0.000636577676073792	0.00193532555679534	-238.307094	635.61073832	0.0105516689520973	0.0279276484899073
uc003hcl.1-uc003hcm.1	2.5793352780466e-05	0.00153313814009665	-120.770694	642.063718444444	0.00123542801649014	0.0244833968632229
uc003evt.3-uc003evu.3	0.000479927920228382	0.000143565811358561	-29.5441911111111	638.870426229839	0.00880709832559453	0.0067905201399273
uc001fmt.2-uc001fmq.2	0.00365241521677771	0.00221376534692717	205.417646666667	639.862385693878	0.0306319477922295	0.0293989230321586
uc003xsk.3-uc003xsl.3	0.00021380671011658	0.000655082802173232	124.976487647059	644.445150409836	0.00520097252981263	0.0155466969668413
uc002xak.2-uc010zuj.1	0.000151085108189891	0.00174341888846623	-331.70979	636.54476528	0.00426709174460914	0.0264292196715316
uc003ncx.1-uc011dji.1	0.00810451330054289	0.00612652967725255	421.86804755102	648.996270526316	0.052008103756858	0.0498704283455733
uc003kbz.3-uc011csd.1	0.00363952079611478	0.00398643748770522	371.916294358974	648.302785858369	0.0306319477922295	0.0395242996411342
uc003oth.2-uc010jyd.2	0.00808208771129574	0.00529130856631882	451.980511846154	652.807046409091	0.052008103756858	0.0459311930321119
uc003eib.2-uc011bkf.1	0.00260848140933785	0.00445545344238643	-69.4435216666667	635.331652945892	0.0249195271096947	0.0425607698697371
uc001qhb.1-uc009zcz.1	0.00470347262777857	0.000635704524615907	264.131390526316	641.142669279835	0.0367283533411554	0.0155466969668413
uc001ilo.2-uc001iln.2	8.09682389704983e-05	0.00224848359710582	-40.9072990909091	641.829582955466	0.00264664931134816	0.0293989230321586
uc001bjc.2-uc010oej.1	0.000417910950355091	0.000231675461489091	-77.32346375	638.294610462777	0.00802082301048486	0.00833213769190748
uc004dks.1-uc004dkx.1	0.00260868854542215	0.00109849274897988	217.822627647059	641.210756188525	0.0249195271096947	0.0196414259048367
uc001typ.3-uc001tyq.3	0.00198632593253509	0.00640696464851221	75.231506	638.104078040404	0.0211279856868774	0.0514095148600413
uc001qbt.2-uc010sax.1	0.00166471221663298	0.00467017081035811	-170.304376	634.93071114	0.0192367643923675	0.0438419142930601
uc003gzj.2-uc011bzp.1	0.00139851885569071	0.000286662338183424	238.107340952381	643.829709772727	0.0174148895601486	0.00967254212064071
uc004esv.2-uc010nqq.2	0.00556323469248057	0.00886218408582724	447.02338119403	654.482345091324	0.0398571471803745	0.0608145868768398
uc001etg.2-uc009wlk.2	0.0016735617205597	0.000397340981047049	309.873433	646.984485684211	0.0192367643923675	0.0117075680612736
uc003xoz.1-uc011lcs.1	0.000259597646260409	0.000293421150249837	146.051397777778	644.732871724846	0.00571189211192354	0.00974344517972476
uc001kzc.3-uc001kzb.2	0.00725464544472463	0.00220005979544633	272.380517222222	640.063622956879	0.0487997372037425	0.0293989230321586
uc003mug.2-uc003muf.2	1.10180948790128e-11	1.5954134771694e-09	-114.3440404	665.567572291667	7.68328482896491e-09	1.11253499807946e-06
uc004bsj.3-uc011mam.1	0.00178741156100769	0.00066140345604631	311.803457666667	646.862589389474	0.0199529107992814	0.0155466969668413
uc003gsg.3-uc010iey.2	0.00128235853644318	0.0017144293512717	340.817573947368	650.24146869379	0.0166626960139077	0.0263719573739736
uc001wzo.2-uc010tqs.1	0.00795258759332102	0.000701821548184584	227.862648571429	638.337589837067	0.0516464210532146	0.0161341832835401
uc003adk.2-uc011akg.1	8.42846897125671e-06	5.46232606472002e-06	326.564604516129	668.99961221219	0.000518598737878501	0.000794846610332394
uc010wbo.1-uc010wbp.1	2.9831303260162e-05	0.00100643155661919	-115.009232	641.947325272727	0.00132299961127236	0.0184689018986609
uc002imd.2-uc002imf.2	0.00515662211096135	0.00538779450213737	267.899467894737	640.995357613169	0.0385891028020768	0.0462033771470654
uc002tvu.2-uc010fnp.2	0.00241086271231898	0.000492055513862876	296.617766153846	644.888876346555	0.0237902112932609	0.0137250684666818
uc003akk.2-uc003aki.2	0.00153994047464149	0.00422098451093964	434.6924612	660.492788604651	0.0179975166086592	0.0408461905521933
uc004bqr.1-uc010mxg.1	3.35362375791016e-06	3.21801266548289e-05	90.5812178260869	652.552833360996	0.000250563603626717	0.0025892624985347
uc001fni.2-uc001fnk.2	0.00180963632367205	0.00747159033375907	189.60655125	641.268157198364	0.0199529107992814	0.0565179686377297
uc004cwr.2-uc010neu.2	0.000224753269558127	5.72210366032526e-05	324.715188636364	655.80556483731	0.0053429981808591	0.00352077672276483
uc003ujs.2-uc010lek.2	5.73734216807415e-06	2.82421489312078e-05	231.504919230769	660.053952446352	0.000387178058568101	0.00236330302256347
uc001muz.2-uc010rej.1	0.0030144163367256	0.00150896390430295	-7.76446142857142	635.87988939759	0.0269493973351707	0.0243036774921664
uc003dxd.2-uc011bhm.1	2.59841456623165e-05	4.48220785032357e-05	243.509026111111	656.391276652452	0.00123542801649014	0.00310285444941792
uc004dck.2-uc010ngl.2	0.0011037681870209	0.00471531104968381	-199.995106	635.22761844	0.0149940457613489	0.0438419142930601
uc003fgs.2-uc003fgt.2	4.67808009158813e-10	9.89531324026829e-08	-263.027902666667	654.202555571429	1.95730871032047e-07	4.14019905972825e-05
uc010zyt.1-uc002xvm.2	1.49443102273405e-10	5.7234041009595e-06	-498.385556	649.692301515151	7.81587424889907e-08	0.000794846610332394
uc010znj.1-uc002vwj.2	0.000665446514143635	0.000225877887585318	213.016531428571	644.918360599174	0.010875891465535	0.00833213769190748
uc003epr.2-uc003epq.2	2.66923790493201e-07	1.07369309091619e-05	-202.442796666667	647.146343306288	3.98860406936983e-05	0.00118219260326141
uc002dde.2-uc010uzp.1	0.000840562830647881	0.000144854876620848	387.373888214286	656.839411915367	0.0126507729619811	0.0067905201399273
uc003wxv.2-uc003wxs.2	0.00148690268555242	0.00317199265264421	890.994830930233	602.383238008658	0.0175556290467967	0.0352804559939797
uc001vak.2-uc010aci.2	0.00266793192734395	0.00211193370708049	377.21620627907	650.202460649351	0.0251434229315102	0.0290895357490543
uc003zjy.2-uc003zkb.2	8.01619689785339e-05	0.000752474748501515	-74.633911	641.131662222222	0.00264664931134816	0.0165272911952394
uc010sbu.1-uc010sbt.1	0.000285829855335884	0.000822530414947072	-147.646381428571	637.846101124498	0.00597960685456508	0.0170324544697007
uc001mkc.2-uc010rcj.1	0.00108089216168885	0.000921897937014666	285.024666071429	647.029649979036	0.0149430183970631	0.0183677188974731
uc001jxm.2-uc001jxs.3	0.000752915679607387	0.00471251917296101	-93.1463	637.080035722892	0.0119325727404444	0.0438419142930601
uc002nqj.2-uc002nqk.2	0.00693723064102986	0.00469564352556379	379.553679444444	645.948616695096	0.0472725944659103	0.0438419142930601
uc009ytl.2-uc001oth.3	0.00846086714824615	0.00526513104260805	441.340900862069	651.042643042506	0.0534747252994893	0.0459311930321119
uc001rhr.2-uc001rhs.2	0.00224907701244573	0.00204588097792239	940.891645172414	607.831882310924	0.0230877381311855	0.0287204064583615
uc010pnq.1-uc010pnr.1	9.14530718162739e-06	5.30372957956863e-05	189.222430645161	655.586367805907	0.000538867915859576	0.00336224311529017
uc001bmr.1-uc010ofe.1	0.00259507410648595	0.00409214362068317	299.021535	644.758400375783	0.0249195271096947	0.0399043970720543
uc001ojd.2-uc001ojc.1	0.000171502082550207	0.00888551717031812	-323.825458	636.46592196	0.00454154881892446	0.0608145868768398
uc001qfi.2-uc009zcr.2	9.24329505834686e-05	0.00102397663784759	112.704238888889	645.965415585216	0.0029749189633941	0.0186274706641492
uc001job.2-uc001joa.2	9.27306164959118e-06	4.20024806783422e-05	313.327646315789	666.861959486607	0.000538867915859576	0.00310285444941792
uc003kjc.2-uc011ctx.1	0.00406422726022194	0.0065789673143016	113.997465	637.320927353535	0.0330831261804836	0.0523315574962698
uc003kcl.2-uc011csn.1	0.00787318112427209	0.00726301380879667	427.800419807692	649.819452229581	0.0516464210532146	0.0558611209117744
uc001hpc.1-uc001hpb.1	6.94085404590359e-05	0.00540154281273764	-290.251341666667	637.986656793587	0.00246106214644582	0.0462033771470654
uc004blh.2-uc004bli.2	0.0034150107230204	0.00205930256632611	240.582793333333	641.238898172485	0.0294256917594771	0.0287204064583615
uc011mbe.1-uc004bvh.2	0.00309627116597838	0.00187330202665045	275.331588181818	642.974200310559	0.0273307986465264	0.0275982242236109
uc002fcy.3-uc002fcz.3	0.00344640753011019	0.00408738078766058	202.81284	639.942124673469	0.0295487071843874	0.0399043970720543
uc002jau.1-uc002jav.1	0.00264279913427155	0.00257823357656776	269.620116818182	643.234350144928	0.0251306172222549	0.0317274390716456
uc001toi.1-uc009zvi.1	0.00107768366270647	0.00504194913292498	218.8945275	643.785449773196	0.0149430183970631	0.0448840748343789
uc003dmx.2-uc011bfu.1	0.000264263756789993	0.000660958339800624	245.825952142857	649.330622704403	0.00571189211192354	0.0155466969668413
uc003gbw.2-uc010ibn.2	0.00235916176121411	0.00391923450659885	54.3919633333333	637.347391169355	0.0233903621064451	0.039349707758776
uc003xyg.2-uc003xyi.1	0.00235189049055805	0.00181235621384078	225.661202777778	641.79041486653	0.0233903621064451	0.0270817799953922
uc002jkp.2-uc002jkq.2	0.0022454582211239	0.00323888063528394	294.312051923077	645.01402993737	0.0230877381311855	0.0356617804684948
uc003etr.2-uc011bmz.1	0.00281233714562536	0.00711172750810628	436.449997826087	657.107302385321	0.0261484858162144	0.055102718322068
uc010ytc.1-uc002sqx.1	0.000899209448049346	0.00268225031451084	34.975491	638.917330868687	0.0131548682889457	0.0328144307482847
uc001utx.2-uc001uty.2	2.00224998743575e-05	0.00218854243736959	-578.2441175	636.580459401198	0.00107811149651142	0.0293989230321586
uc001wqv.2-uc010tpj.1	0.000542013940828891	0.000982023364093667	87.9458323076923	641.200280223577	0.00944910970178366	0.0184584069331099
uc003phn.3-uc010kax.2	1.82524127042895e-06	8.33429460557503e-06	121.103727777778	655.531449874477	0.000181828797035113	0.00102560848910959
uc003ytj.2-uc010mdt.2	0.00283942809822214	0.000227205201617373	424.573171290323	655.282837629797	0.0262835556702686	0.00833213769190748
uc001bau.1-uc001bav.1	0.000790130722540202	0.00866261725841902	246.24661625	645.954085031185	0.0122364679906323	0.0602876572571372
uc001vna.2-uc010tij.1	2.90049921637906e-06	2.30817042635946e-05	140.313138928571	655.524246960168	0.00022725858593308	0.00219486024179272
uc003qad.2-uc011ebr.1	0.00661664301772632	0.00486133194833956	245.833276875	639.42842793456	0.0453836629281425	0.0444100717726042
uc003qch.2-uc003qcd.1	0.000617390283326742	0.000121015314765168	424.021186153846	664.028527330211	0.0105006542497524	0.00632910096221827
uc004bdo.1-uc010mts.1	0.00085026264654647	0.00601631255154309	-319.077685	634.511266327345	0.0127053532612515	0.0493573563052084
uc001grw.2-uc010por.1	0.00793170029732452	0.00501754856762844	294.9871555	640.647609443299	0.0516464210532146	0.0448840748343789
uc004dap.2-uc004dao.2	2.62878093765802e-06	4.63440694348208e-06	850.029323513514	564.113144111675	0.000219976388863223	0.000778642373952726
uc003jhr.1-uc010ium.1	0.00266818350420424	0.00662261173465911	90.910796	637.787324707071	0.0251434229315102	0.0524791808670714
uc002nuf.2-uc010xro.1	4.36574833339836e-05	4.33302057405538e-05	-8.4399323076923	643.747058556911	0.00167326105438122	0.00310285444941792
uc003zle.2-uc003zld.2	9.64711935378498e-05	0.000649769352144029	254.025481212121	653.031764427966	0.00305784449819972	0.0155466969668413
uc002fjh.2-uc010chp.2	0.000264843945916149	0.000408168140480685	293.712548333333	652.537701385927	0.00571189211192354	0.0118595520817444
uc001xzg.2-uc001xzh.2	5.18218471755217e-14	5.25048912118486e-13	281.536044912281	727.66937230179	1.08411304291192e-10	1.09840232415187e-09
uc004byb.3-uc004byc.3	0.00476405165415709	0.00601631255154309	1428.6753325	620.557150419162	0.0367283533411554	0.0493573563052084
uc001ngy.2-uc001ngx.2	0.000588336157299579	0.00282962645268558	-59.26286	638.003896519115	0.0100885183694321	0.0338261630801042
uc010jgh.2-uc003lmh.3	0.00271080324408586	0.00100051306621117	270.530988181818	643.192861180124	0.0254304950072988	0.0184689018986609
uc003owj.2-uc003owk.2	0.00258500589218484	0.00811783439836833	-228.4358325	633.787578882235	0.0249195271096947	0.058359139386208
uc010ywk.1-uc010ywl.1	0.000355726587955101	0.0003957725526206	407.011027671233	664.125066365741	0.0070874287809721	0.0117075680612736
uc001cxa.3-uc001cxc.3	0.00495961083661014	0.00221260991349655	204.647792142857	638.999520570265	0.0377291122552306	0.0293989230321586
uc002ixf.1-uc002ixg.1	0.000499184331069705	0.00336625584490521	313.381401081081	651.749405662393	0.0089255865008361	0.0368605549532668
uc001wyi.2-uc001wyj.2	0.00340151262369305	0.000825322187817076	370.082501025641	648.456257832618	0.0294256917594771	0.0170324544697007
uc001hvl.2-uc001hvm.1	0.000169685759191655	0.000490614745867302	226.628931111111	649.57082123431	0.00454154881892446	0.0137250684666818
uc002zmw.2-uc002zna.2	0.000640564988965753	0.000532996002879904	276.577630344828	648.304794978992	0.0105516689520973	0.0142952261285226
uc002kxg.2-uc002kxh.2	0.000748520620229916	0.00350006047400936	309.046527058824	649.907116284501	0.0119325727404444	0.0372659275802008
uc001ncf.2-uc001ncg.2	5.79071752689622e-10	9.788393034289e-06	-365.951273333333	651.126265659229	2.01903017771115e-07	0.00113762879042959
uc003cgt.3-uc003cgs.3	6.36391412924753e-08	4.55389635580787e-08	1072.16456511628	585.521119891775	1.11308744623876e-05	2.38168779408752e-05
uc003zsz.2-uc003zsy.2	0.00144764490925258	0.00357916379678732	404.951092542373	656.326724730942	0.0175556290467967	0.0378162154690862
uc010lqg.1-uc011kvm.1	0.00320419238137443	0.00289466804320224	435.762983283582	656.204826050228	0.0281645817724173	0.0339433373200475
uc003fkr.2-uc011bqk.1	0.000459528334597201	0.000693722059483077	-121.389721428571	637.477031606426	0.0085105507233988	0.01612518387154
uc002vhp.1-uc010zjz.1	0.00841590196098359	0.00362885096660674	389.002042702703	645.770850662393	0.0533517178859929	0.0379577811107066
uc003nbq.2-uc003nbr.2	0.00809630180108221	0.00257737188536954	277.218949444444	639.88478973306	0.052008103756858	0.0317274390716456
uc003ouy.1-uc010jyo.1	0.0029395987824446	0.00228618689646185	234.525076666667	641.462797351129	0.0267833632583124	0.0297062297353924
uc001tsi.2-uc001tsg.2	0.00228303223141934	0.00211358003530414	287.9187224	644.616386729167	0.0231246522938216	0.0290895357490543
uc001hde.3-uc009xbq.2	0.00477305857493516	0.00342944492134229	202.810872857143	639.051897087576	0.0367283533411554	0.0369814369868457
uc002njh.2-uc002njg.2	0.0042491962337957	0.000758422540508116	302.146992916667	643.164877047817	0.0339286966454222	0.0165272911952394
uc001kob.3-uc009xvv.1	0.000581547371336033	0.00828451292556749	-348.2827375	634.744440399202	0.010054521494504	0.059150856792789
uc003ilf.2-uc003ili.2	0.000302496236935031	0.000250061852773745	187.829794761905	646.011173553719	0.00626556562047609	0.00871882326671126
uc010ehn.2-uc010eho.2	0.000167667696676566	0.000625724414474293	100.552923125	644.181977341513	0.00454154881892446	0.0155466969668413
uc001rwj.3-uc001rwi.3	0.000341685889508955	0.000790469215392903	1234.62803545455	613.426974291498	0.00700791059659544	0.0167036525111308
uc001bzb.2-uc001bzc.2	0.00915760576044557	0.00780308910052453	282.717052777778	639.681574414784	0.0552095425096603	0.0568828436241169
uc009wtt.2-uc010pjw.1	0.00144472822909243	0.00165417489305268	-180.656218	635.03422956	0.0175556290467967	0.0258248796736283
uc004ase.1-uc010mqy.1	7.22714467476619e-05	0.00198625826974595	53.4877526666667	644.513300816326	0.00247855519010014	0.028460632193894
uc002unp.2-uc002uno.2	0.00106247098722864	0.000595888231738281	296.827224	647.808456778947	0.0149430183970631	0.0152024168389815
uc010uhc.1-uc002agi.3	0.000540638075783762	0.000268707266739598	250.814415384615	647.375070751566	0.00944910970178366	0.00921533773802029
uc003owr.2-uc003ows.2	0.00175031485496636	0.00117407888663814	321.8586640625	647.599062241015	0.019686336970912	0.0202989506681569
uc002xto.2-uc010zyd.1	0.00503770120058401	0.00394375442488703	343.708914666667	644.847507894737	0.0381843148971802	0.039349707758776
uc003iqa.2-uc010iqp.1	0.00182714862486185	0.000331834969066763	190.000575625	641.255264785276	0.0199529107992814	0.0105181629589041
uc003zjm.1-uc010mhs.1	6.38482282737338e-08	0.000316928493044885	-611.563365	641.850128016032	1.11308744623876e-05	0.0102002216530754
uc001zke.3-uc010bbg.2	0.00290099003000448	0.00871097962418312	358.271583243243	648.200395534188	0.0267351151663849	0.0602876572571372
uc003tdh.2-uc011kam.1	9.80525842774939e-05	0.000169315881032817	348.016576428571	661.748118953229	0.00306158218370921	0.00770019180697071
uc001srs.1-uc001srq.1	0.000716526256255315	0.00135834957496045	23.891082	639.141258323232	0.0116199451789622	0.022733338486538
uc011kdr.1-uc003ttr.2	0.00146938841708248	0.00377970818887239	249.121204545455	644.168048012422	0.0175556290467967	0.0384738003289693
uc002dbl.2-uc002dbi.2	0.000161045607229423	0.000181636885877984	253.641568709677	651.373301814346	0.00443299224110464	0.0077547829644233
uc001qgk.3-uc009zcw.2	2.14665137850963e-06	0.00112985612129695	-709.504695	637.628448043912	0.000195251942775746	0.0197207815037496
uc001dbs.1-uc010opb.1	0.000866868763254496	0.000733565687164576	291.134297333333	648.168010042105	0.0128616273243149	0.0164311781673729
uc001qde.2-uc010sbl.1	0.000264546720255374	0.000112433640573483	252.875443103448	649.748835798319	0.00571189211192354	0.00618976779157175
uc011abs.1-uc011abr.1	0.00231978985386096	0.00448954556941114	802.420992073171	592.944000803783	0.0233317325686401	0.0426914969600369
uc002bld.2-uc010upb.1	0.000629649367755942	0.000879715782431047	343.094126976744	653.37832517316	0.0105378118187634	0.0176958213158245
uc001srp.1-uc010sso.1	0.00840067591419782	0.00780371707462789	178.47879	636.944467611336	0.0533517178859929	0.0568828436241169
uc003qcl.1-uc003qcn.1	4.73370183338786e-05	0.000780524559621224	224.915512258065	653.252010147679	0.0017683757563299	0.0167036525111308
uc002wah.1-uc002waj.1	0.0013071139586288	0.000355269659222451	366.431254888889	652.444407	0.0168795209966139	0.011092897419304
uc004eyp.2-uc004eyn.2	0.00143104307764028	0.00780284652382246	272.7765016	645.4050440625	0.0175556290467967	0.0568828436241169
uc004ahr.2-uc011lry.1	0.00125822893700577	0.00145005006063462	301.627655333333	647.505271642105	0.0164513433513504	0.0240754343400605
uc011mxe.1-uc004fcw.3	0.00721279129870288	0.00296717940727204	376.976337142857	645.573748702128	0.0486747077318917	0.034106260000072
uc002imo.2-uc010wla.1	0.0079189219884521	0.00672969856623219	353.785576551724	643.600949516807	0.0516464210532146	0.0531264639309182
uc003wnv.1-uc011kwc.1	0.00225138555390145	0.00234339595181977	409.742237192982	654.594924486607	0.0230877381311855	0.0300759774920672
uc003jeb.2-uc003jec.2	0.000178643123916939	0.000174381876422482	182.657189545455	647.195394451346	0.00467151769042794	0.0077547829644233
uc003vvo.2-uc003vvn.2	0.00303510794873062	0.0046389653624979	429.56039796875	655.605370113379	0.0270189184201891	0.0438419142930601
uc001rzt.2-uc009zmc.2	0.00149373899155344	0.00310555494787917	322.441077878788	648.24847059322	0.0175556290467967	0.0347423580265413
uc003him.2-uc003hin.2	0.00969262430032235	0.00650489218565463	326.244646521739	641.307483029046	0.0577691454024911	0.0519398261541583
uc002gkd.2-uc010cns.2	0.00122162259537664	0.00846112940148625	411.78330875	658.185265147392	0.0162779265575028	0.0599189705466363
uc002kyg.2-uc010xcd.1	0.000375242401268415	0.0011312111761233	-41.6495044444444	639.090079092742	0.00740572739107099	0.0197207815037496
uc003axb.2-uc003axc.2	0.000140873275717565	2.67995848083315e-05	152.738189	646.513546206186	0.00403708072330338	0.00233603047579289
uc001pff.2-uc001pfg.1	2.93306970372522e-06	0.00367095973652747	-691.94462	637.488247844311	0.00022725858593308	0.0382072028299277
uc002nfe.2-uc002nff.2	0.00511490123940494	0.00872506787580177	257.337416111111	640.619630800821	0.0384905517727883	0.0602876572571372
uc002tew.2-uc010fjo.2	0.00108572600208106	0.00224046596373087	153.645852	641.44723655102	0.0149430183970631	0.0293989230321586
uc002ape.3-uc010ujb.1	0.000227995089072189	0.000983204649534225	-29.355004	640.216936828283	0.00535916546448337	0.0184584069331099
uc003sxn.1-uc003sxm.1	0.00634607314716148	0.00522134546127175	200.704314615385	638.220889430894	0.0438151320919532	0.0458951878360525
uc002gpy.2-uc002gpz.2	4.48236305475298e-06	0.00112985612129695	-667.7000825	637.294678682635	0.000312570117018108	0.0197207815037496
uc002rkg.1-uc010ylq.1	0.00137766195389694	0.00279797669547733	-184.101336	635.06868074	0.0173141765699512	0.0336400416490723
uc003hsu.3-uc003hsv.3	3.59926247007732e-07	0.0010894710689411	-805.7483875	638.396860758483	5.01977139160117e-05	0.0196414259048367
uc003lil.2-uc003lim.1	0.000801336574912345	8.02377422633677e-05	171.84887	642.81230102459	0.0122364679906323	0.00466270435597126
uc001klb.3-uc001kla.3	0.000218439067721074	0.000838595989664996	284.121448857143	652.488474425532	0.00525258080083318	0.0170324544697007
uc001zwx.1-uc010beo.1	5.76999739322348e-05	0.000146067593832088	161.559523478261	649.165901763486	0.00211769027133746	0.0067905201399273
uc002uhh.2-uc010fqh.2	0.00186583713725042	0.00338325666704406	-161.885318	634.84652056	0.0202245144618025	0.0368605549532668
uc002xty.2-uc010ghy.2	0.00548506372124769	0.00485982760695625	330.364187037037	643.711298410042	0.0395681148443109	0.0444100717726042
uc003erh.2-uc011bme.1	0.000246214616720444	0.00057044561346006	181.472024285714	646.287027231405	0.00559870628455619	0.0147329904118327
uc001vrn.2-uc001vro.1	0.00169852778086134	0.00564826069380448	-263.6446175	634.068686946108	0.0194170498227428	0.0480272501498077
uc003yln.2-uc003ylo.2	0.00523458695585182	0.00859322707599913	29.17786	635.360619819277	0.0388324677717802	0.0602876572571372
uc002fgx.2-uc010vnt.1	4.33621418265215e-07	2.97034433364612e-06	0.826026000000001	652.777965298969	5.66960004381769e-05	0.000621396034598769
uc010aod.2-uc001wzm.3	0.00415603337384046	0.00809906516378047	139.555068181818	637.811190161943	0.0333119609887902	0.058359139386208
uc003kkr.3-uc003kks.2	0.00247695935126647	0.00277766837978512	384.493732173913	651.257346427015	0.0242140138450909	0.0336400416490723
uc003cyc.2-uc011bdi.1	0.00195328873559965	0.00477161339715	123.520470833333	639.212146125761	0.0210632991488374	0.0439745164177877
uc003igp.2-uc003igo.2	0.0047340403460434	0.0094171349084718	22.3038257142857	635.457242791165	0.0367283533411554	0.0627409115558058
uc003zgn.1-uc010mgx.1	0.000935333461705807	0.00054897221575465	376.73792745098	655.066518480176	0.0135883166797816	0.0143556234419841
uc010ocx.1-uc010ocy.1	0.00563882733075046	0.00293250395988297	1219.60645285714	618.627687791165	0.0400932007186988	0.0339433373200475
uc003mdw.2-uc003mea.2	0.00534948256686596	0.00913901995020666	375.531468918919	646.835831923077	0.0395187840368898	0.061648002291532
uc001gbz.1-uc001gca.1	0.000183963269917347	0.000234988586913261	328.007553695652	656.918270631808	0.00475124889712456	0.00833213769190748
uc004czp.2-uc004czn.3	0.00019122063152458	0.00021192114683269	204.365004166667	648.043812037422	0.00487845806279782	0.00833213769190748
uc003odm.1-uc003odn.1	0.00797408891022386	0.0043153949021205	343.503155185185	642.969139121339	0.0516464210532146	0.0414119547487894
uc010ker.2-uc010keq.2	0.00509818752262703	0.00290727904529093	1422.5300375	620.606214650699	0.0384905517727883	0.0339433373200475
uc003xqd.2-uc011ldf.1	2.73852052094105e-05	0.000140463926298847	255.567280263158	657.178323426124	0.00127310776217971	0.0067905201399273
uc003kdc.3-uc011css.1	0.00853507513551501	0.00410107331285453	420.881053333333	648.602939015317	0.0537812565767994	0.0399043970720543
uc009wwd.2-uc010pmn.1	0.000809594885930443	0.00512364624239376	219.503395714286	644.636905743802	0.0122729891403369	0.0454180844876599
uc001kqo.3-uc001kqm.3	0.00456036396829224	0.00710398715077785	297.408372608696	642.68348780083	0.0360010619685561	0.055102718322068
uc003lqh.2-uc003lqi.1	8.12774036157977e-10	2.42023056482369e-07	-92.8322404545455	659.743567246377	2.42903326234641e-07	8.43853723601861e-05
uc011ave.1-uc011avf.1	0.000128235541064391	0.000227640270184745	-22.2605336363636	641.414371578947	0.00372595488759314	0.00833213769190748
uc003uvo.2-uc003uvp.1	2.04253740856078e-06	3.88878921454109e-05	-316.23830375	642.140322173038	0.000194226739032234	0.00301309149511851
uc010tdi.1-uc010tdj.1	1.50034363082239e-05	4.83859983813835e-06	906.354930149254	584.219299931507	0.00084830239883255	0.000778642373952726
uc003xoo.2-uc010lxe.2	0.000108074482745701	0.00288377091616007	-352.258138	636.75024876	0.00332487967505892	0.0339433373200475
uc001tps.2-uc001tpr.2	0.00110137977670892	0.00733790635053455	-200.149066	635.22915804	0.0149940457613489	0.0560251827931324
uc002fbm.1-uc010vml.1	3.03556316161919e-05	6.04095827532134e-05	319.272221698113	663.036296327434	0.00132299961127236	0.0036107670605635
uc001eal.1-uc001eak.1	0.000350079402314532	0.000976752686945114	993.686779655172	604.615372016807	0.00706271414241915	0.0184584069331099
uc002zdk.2-uc002zdl.2	0.00402866899872702	0.00405361445089524	413.835967169811	651.948069535398	0.0329217794739723	0.0399043970720543
uc001nkx.1-uc001nky.1	0.00413427185193266	0.00889544148389722	418.798872727273	652.3997682	0.0333090952298168	0.0608145868768398
uc003cyg.2-uc003cyh.2	0.00561133720931093	0.00745907837620223	250.284868235294	640.079899446721	0.0400645646480493	0.0565179686377297
uc001zxe.1-uc001zxd.1	2.90711654719259e-08	0.000831704534694463	-930.92295	639.396258463074	6.0816878167269e-06	0.0170324544697007
uc004bia.2-uc011lxh.1	2.8688535867125e-05	0.000976889439305614	-429.833726	637.52600464	0.00130470471813099	0.0184584069331099
uc003dwc.2-uc003dwa.2	0.000285832067617834	0.00121531148195106	134.919048823529	644.098790696721	0.00597960685456508	0.0208396034446035
uc001jrm.2-uc009xqk.2	0.000401589351129433	0.00174167778746882	288.031790909091	650.65420463983	0.00777893446817383	0.0264292196715316
uc002ftl.2-uc010cjw.2	6.57095813965303e-09	4.84669205046433e-12	429.048146779661	733.757047896341	1.52738271423935e-06	5.06963988478569e-09
uc003iky.2-uc010ipg.1	0.00180981260803585	0.000738303416698401	189.610535	641.268026850716	0.0199529107992814	0.0164311781673729
uc004cgr.3-uc010nbg.2	0.00730596123873441	0.00307609890737443	355.944815	644.074714189474	0.0489874067674115	0.0345978436248779
uc003gak.3-uc010ibf.2	0.0014617204954405	0.00304397797714907	321.844907272727	648.290152012712	0.0175556290467967	0.0344972130671756
uc001kin.2-uc009xue.2	0.00876138724191512	0.00340061525142471	307.405967619048	640.822951177686	0.0545500658038287	0.0368605549532668
uc010tlt.1-uc010ain.2	0.000152978910538091	0.00255159752474463	113.737933529412	644.836657418033	0.00426709174460914	0.0317274390716456
uc003ldf.2-uc003lde.2	0.00138215463058406	0.00189818631932552	-112.478906666667	635.84911248497	0.0173141765699512	0.0277692711890139
uc002kfz.2-uc002kgc.2	0.00536488272776133	0.00390116431134598	30.8698128571429	635.336837349398	0.0395187840368898	0.039349707758776
uc003hqs.3-uc011cdc.1	1.64646861166273e-06	4.74624007559146e-05	-115.792529230769	646.583610914634	0.000172220616779922	0.00310285444941792
uc002ndn.3-uc002ndo.3	0.00703772557161019	0.00372849036053111	2.96253500000001	634.461039038076	0.0478016944669108	0.0384140346008832
uc011lrv.1-uc010mom.1	0.00134580601906222	0.00919415712952103	-114.23562	635.870235290581	0.0172725533244059	0.061648002291532
uc002rnr.2-uc002rnq.2	0.00306575695858803	0.00130456816730132	1029.44219058824	612.937123872951	0.0271761167685006	0.0221882650893851
uc002rgy.2-uc010yks.1	0.00743964956139154	0.00278810849810103	251.274781875	639.250382781186	0.049408720261686	0.0336400416490723
uc003xmr.2-uc003xms.2	0.00118335393445952	0.0023075479954452	367.304420652174	652.980022527233	0.0159714608444472	0.0297987062127862
uc004dbj.2-uc004dbi.2	0.00868394366915841	0.00528879107073537	860.568834473684	607.94907490364	0.0543567709199334	0.0459311930321119
uc003ncg.3-uc003nch.3	2.27109466938571e-05	1.56004838742441e-05	1285.14667384615	609.566924654472	0.00118778251208873	0.00163181061324593
uc001jtb.1-uc010qjx.1	0.00172478832324176	0.000789839479124033	172.775402	640.861638081633	0.0196100933272922	0.0167036525111308
uc002rru.2-uc002rrv.2	0.000236723259385028	0.00242604366277416	-414.357845	635.271986167665	0.00548185271716133	0.0309468496495338
uc003erv.2-uc003ert.2	0.000459699919571732	0.000930925357091208	2.751622	639.568318121212	0.0085105507233988	0.018372602330517
uc003eqx.1-uc011bmb.1	0.0058695659041091	0.00751950734867876	306.81280826087	642.234728423237	0.0410756212857617	0.0565856452281869
uc002wss.2-uc002wst.1	0.00122968668763522	0.00162403794361678	387.712770188679	655.011187765487	0.0162816743704612	0.0255450178800473
uc003dgq.2-uc003dgp.2	0.00891723470568613	0.00757606710246407	315.786618181818	641.131528136646	0.0550225090711168	0.0568069260872933
uc003fjv.3-uc003fju.3	1.63642003935205e-06	4.43029146222258e-06	61.1057972727273	652.73189679089	0.000172220616779922	0.000778642373952726
uc001zfh.1-uc010ubk.1	2.46787342068509e-09	0.000199970197511026	-866.088036	641.88854774	6.45348899509151e-07	0.00833213769190748
uc001jnh.3-uc009xpq.2	0.000427582747511443	0.000377398427793686	384.028641333333	659.712618449438	0.00813184643449036	0.01144228276731
uc003ylj.2-uc011lho.1	7.86144569908339e-06	0.000128471111743515	56.7284494736842	649.251014711934	0.000498368012196438	0.00655516014066909
uc002fdh.1-uc002fdf.1	0.00200995572574313	0.00496465385757908	382.437023617021	652.050859344978	0.0212365019103769	0.0448840748343789
uc003pja.3-uc011dyt.1	0.00217879368010933	0.000643739887865789	312.05656	646.14326355042	0.0226767979044215	0.0155466969668413
uc001joo.2-uc010qjb.1	0.00884087937133776	0.00596653432156859	299.559092	640.459075979381	0.0548816606671768	0.0493573563052084
uc001pux.3-uc010ryv.1	0.0035144018115015	0.0034596202270801	241.751624444444	641.195697022587	0.0300086881210659	0.037115515461803
uc002bad.2-uc002bae.2	0.00334829522694086	0.00300043474501335	278.184256818182	642.844265093168	0.0291859733948345	0.0343000518391691
uc002rom.2-uc002ron.2	0.00638945003652411	0.00253230892288513	420.398590196078	650.161906585903	0.0439695048566067	0.0317274390716456
uc001hok.2-uc001hol.2	0.000238455352419541	0.000980765540273221	201.226119565217	647.273097385892	0.00548185271716133	0.0184584069331099
uc010iqc.2-uc003ioz.2	0.00906528832741463	0.00787344229501544	-114.6884725	632.879416327345	0.0550225090711168	0.0569939144677242
uc001cym.3-uc001cyl.2	0.0015651588232836	0.00193571177391805	-49.3140542857143	636.463919819277	0.0181906236572738	0.0279276484899073
uc001coj.1-uc001coi.1	0.00574503401356537	0.00318738345261098	-74.146274	633.96913012	0.0404667042302315	0.0352804559939797
uc002erx.1-uc002erv.1	9.63583561040138e-13	2.92829400387791e-06	-323.019637058824	660.051572786885	1.00790840484798e-09	0.000621396034598769
uc003cfp.2-uc011axp.1	4.3991088905816e-05	0.00051795965569224	36.8892286666667	645.021418897959	0.00167326105438122	0.0140723584377684
uc003qws.1-uc011egu.1	0.000880481386924358	0.000735403507376344	272.310324074074	646.990491506276	0.0129715990242659	0.0164311781673729
uc003pte.2-uc011eap.1	0.00772545321924266	0.00639546861414264	93.84832875	635.539330100604	0.0511379259084238	0.0514095148600413
uc011kav.1-uc003tey.2	3.81356423797745e-05	2.43765724818146e-05	335.220801403509	664.076446450893	0.00153422622804785	0.00221720824486766
uc003ncb.2-uc011djd.1	0.00472848533801739	0.0015066763208455	282.75727952381	641.892419049587	0.0367283533411554	0.0243036774921664
uc003xfp.1-uc003xfq.1	2.4150859204043e-05	0.000205002946322308	852.914986956522	576.623861719128	0.00121579207130475	0.00833213769190748
uc004arv.2-uc004arw.2	0.00291394684822404	0.00873191211707102	421.3071705	654.686299910112	0.0267367403793188	0.0602876572571372
uc003eux.3-uc003euy.1	0.000748484151286485	0.00374107687197932	346.980159302326	653.016638181818	0.0119325727404444	0.0384140346008832
uc002xiw.2-uc002xiz.2	3.71812262667052e-06	0.000545703419911828	-539.46173	638.62228468	0.000268217673620508	0.0143556234419841
uc003yot.1-uc011lic.1	0.000498543595978871	0.00293678014097925	313.350787837838	651.751825940171	0.0089255865008361	0.0339433373200475
uc002qpz.3-uc010yhf.1	0.00555655270189993	0.00132792733909141	155.282701818182	637.460979696356	0.0398571471803745	0.0224034193014454
uc003dzr.2-uc003dzq.2	0.00228814676138675	0.00254055115742922	-78.5132383333333	635.440707655311	0.0231246522938216	0.0317274390716456
uc003akb.2-uc003ake.2	0.00924418262136803	0.00700820373717671	368.488959677419	643.862185527426	0.0555713507008676	0.0547869412244573
uc002bpv.2-uc002bpy.2	0.00614329841982666	0.00374591924406318	254.285052941176	639.94054875	0.0427802195630292	0.0384140346008832
uc002eqa.2-uc002epz.2	7.71901986485387e-07	0.000988212990682748	-765.465555	638.075241337325	9.49893503369076e-05	0.0184584069331099
