p.linear.model	p.wilcox	mean.switch	mean.wt	FDR_linear	FDR_wilcox
uc002fom.1-uc002fol.1	0.000712644084896646	0.000296376604298006	-329.433075277778	87.9749433849558	0.0260471413029724	0.0186192033088555
uc002zcm.2-uc002zcn.2	0.00333133813138925	0.00206907904263257	-427.052331666667	75.7277141914894	0.0468309264239527	0.0340075781117842
uc003zlt.2-uc003zlu.2	0.00522195881968701	0.00280293713076827	-690.56788	68.0645714345114	0.0595993783150793	0.0371329199108121
uc001syf.1-uc001sye.1	0.00232124790512335	0.00325199780471957	-460.194237058824	75.8564452866242	0.041872533389114	0.0406360751324787
uc003ywp.2-uc003ywo.2	0.00497910106389023	0.00453119817184834	-514.046304166667	71.5832759453781	0.0587052077048993	0.0476590771744048
uc003bim.3-uc003bio.3	0.00981084556864202	0.00633941242832781	202.521142892562	9.26437441416894	0.0806821324444856	0.0546872713832217
uc002xfh.2-uc002xfg.2	0.000541216985422595	0.00104756989269777	-867.017095714286	70.6324394386694	0.0255803821505767	0.0309033662518869
uc003sip.2-uc011jvn.1	0.00384280362956333	0.00762801815969514	-860.179272	66.6790477432712	0.0501623116644785	0.0597511272039734
uc001bgs.3-uc001bgo.2	0.00211669931690188	0.0012172405641593	-481.4796475	75.4422840254237	0.0401897974196175	0.0313767393844513
uc001cln.2-uc010oko.1	0.00181388688159118	0.00175532885454996	-576.652059166667	73.161572289916	0.0401897974196175	0.0322621464082356
uc002tjc.2-uc002tjh.2	0.000213896299722139	0.000357984373040249	-812.43616	73.5219397494781	0.014214381372444	0.0209349261353938
uc003jdx.1-uc010itl.1	0.00798466334862159	0.00599416092157818	-408.331375	72.9626815677966	0.0754373760498786	0.0538131320811381
uc011edp.1-uc003qhx.2	0.000682376815234262	0.00240969333437865	-850.409477142857	70.3907485239085	0.0255803821505767	0.0359486903557304
uc004dae.2-uc010nfr.2	0.000573291105937595	0.000409251719122875	-545.685790625	77.6187634533898	0.0255803821505767	0.023012538975294
uc001cfj.2-uc010ojj.1	0.00837552235745132	0.00708523555785757	-334.89001	75.6924118454936	0.0755865042382335	0.0585466895184841
uc010zrz.1-uc002wqp.3	0.000799559368104406	0.00329265823529394	1246.266155	47.355411322314	0.0278322808611581	0.0407325981670209
uc002jbv.2-uc010wps.1	0.00557999068711494	0.00584504205178974	-561.709077	70.1300721129707	0.0608672086079247	0.0534090717482287
uc002sdb.2-uc002sdc.2	0.000196222596557973	5.52661358214715e-05	-508.206207142857	82.6068823340471	0.0136608302937027	0.00673325754758261
uc002ejb.2-uc002ejc.2	0.000829399924020786	0.000610652991858064	-594.284775384615	75.0121805894737	0.0281995974167067	0.0262580786498967
uc001xia.2-uc010tsl.1	0.00858244876374778	0.00334012343505902	-646.781155714286	67.4273425987526	0.0755875909192726	0.0407325981670209
uc003zhk.1-uc003zhn.1	0.000371458806757132	0.00148862437211959	-697.971456363636	74.597001509434	0.0201138064992195	0.0313767393844513
uc002uax.2-uc002uay.2	0.00167984349385098	0.00154522929937106	-682.263585555556	71.0761084968685	0.0401897974196175	0.0313767393844513
uc010vik.1-uc002ent.2	0.00828752650696333	0.0035302344894413	-707.388806666667	66.7000343153527	0.0754373760498786	0.0423049411767473
uc009ylm.2-uc001nek.2	4.31239071380818e-05	6.65641559554391e-05	-388.980456666667	95.9361280846325	0.00420314348239171	0.00748590738514246
uc003uyd.2-uc010lhs.2	0.00139659193296964	0.00141592836198202	-655.434067	72.0908459623431	0.0364610251071716	0.0313767393844513
uc003uae.1-uc003uaf.1	0.00107926268473136	0.00258073657559034	-481.515185555556	77.8135256170213	0.0314557932379551	0.0360077078514546
uc002fhi.2-uc002fhh.2	0.00338436485030653	0.001936754469218	-538.667018333333	72.2039662184874	0.0471232515347443	0.0333121768705497
uc002jqr.2-uc010wsx.1	4.63422293073007e-06	3.89962738786783e-06	-516.973999666667	94.7910560917031	0.000967890560675337	0.000950209206843794
uc002niz.2-uc002niy.2	0.00198058344394149	0.00337116578536904	-214.576770517241	93.8384567209302	0.0401897974196175	0.0407325981670209
uc001byh.2-uc010oht.1	0.00249173078307313	0.00130880400627437	-617.664227	71.3006819456067	0.041872533389114	0.0313767393844513
uc002pdb.2-uc002pdc.2	0.00180609516835225	0.00310573416206008	-358.830014074074	81.5477095010846	0.0401897974196175	0.0398296784643144
uc002rbz.1-uc002rca.1	0.00909777726193406	0.00389051189640359	-557.705998888889	68.7357780584551	0.0781630303086576	0.0439255468253733
uc001kxp.1-uc001kxo.1	4.31921109002665e-16	2.26597327603296e-15	-191.50765076	318.411749537815	6.31468661361896e-13	3.31285292956019e-12
uc002etl.2-uc002etm.1	0.00330309857143506	0.00139053642605182	-677.51064125	69.4274350625	0.0468309264239527	0.0313767393844513
uc003pqe.2-uc003pqd.2	0.00269459893786955	0.00107802440413559	-745.643954285714	68.8660943451143	0.0434896609431767	0.0309033662518869
uc003crh.1-uc003crg.2	0.000598317493849598	0.000167343307691428	-477.9676525	80.0522152777778	0.0255803821505767	0.0128766271497299
uc003msy.1-uc003msx.2	0.00290598020524665	0.00159050437984791	-244.376180444444	87.8149251015801	0.0437994129904186	0.0314232081532115
uc001ggv.2-uc010plx.1	0.00562043307939113	0.00654273673576153	-744.463676666667	67.161547219917	0.0608672086079247	0.055613262253973
uc003nco.1-uc003ncp.1	0.00491823916090011	0.00270310436287958	-835.49067	66.4234721532091	0.0587052077048993	0.0365920238752773
uc002rtt.2-uc002rtv.2	7.66700110182385e-05	0.000160986197275455	-657.147969333333	79.8357362367865	0.00659362094756851	0.0128766271497299
uc002nhe.1-uc002nhf.1	0.00100208349395023	0.000550808991047016	-584.100112307692	74.7334424421053	0.0311711929394732	0.0255061461919795
uc010dwe.2-uc010dwd.2	0.00246346622387507	0.00192956849594353	-511.41734	73.9766381012658	0.041872533389114	0.0333121768705497
uc003hvu.2-uc010ilk.2	0.00914218753952152	0.00364247569874106	-641.046148571429	67.343880956341	0.0781630303086576	0.0427397367632017
uc003ljp.1-uc003ljq.1	0.00299926596636727	0.00105356700065244	343.934493673469	25.1760672209567	0.0447441514574382	0.0309033662518869
uc001qsl.2-uc009zfr.2	0.00330221040926907	0.00196205937669402	-516.164699230769	72.8741574526316	0.0468309264239527	0.0333550094037983
uc001lyv.2-uc009yeg.2	0.00063326329954294	0.000747524274433637	-668.084978181818	73.9077955136268	0.0255803821505767	0.0265533633137567
uc003bhx.2-uc003bhy.2	0.00129485103189982	0.00107591290921514	-626.133707272727	72.9403657861635	0.0344194947025007	0.0309033662518869
uc001xtu.1-uc010tvj.1	0.00228482310121151	0.000679211832256018	-407.0552	78.0583359743041	0.0417551421746404	0.0265533633137567
uc010kkl.1-uc010kkk.1	0.00089439081959596	0.000538071667995576	-506.583160588235	77.5307801061571	0.0297181676874839	0.0255061461919795
uc002gzq.2-uc002gzp.2	0.000936693261617732	0.00135280301470948	-214.995546	99.0066056501182	0.0299732225593187	0.0313767393844513
uc001pue.3-uc001puf.2	0.00725286172556428	0.0050713366487666	-287.917251724138	78.9862396514161	0.0706912256184999	0.0507828368527176
uc003cgx.2-uc003cgv.2	1.45464508938404e-05	0.000140687869081274	-724.680890666667	81.9773722198731	0.00193335556425406	0.0120991567409896
uc003fxn.3-uc003fxo.3	0.00939096870735573	0.00648298593877665	-767.784644	65.7225816149068	0.0787201938987798	0.0554276341666167
uc001gsc.2-uc010pos.1	0.00829815102155978	0.00554909090547208	-781.09488	65.86036873706	0.0754373760498786	0.0532863828397004
uc003oth.2-uc010jyd.2	0.00775324797867108	0.00279226216607482	-537.580186	69.6252835983264	0.0741725300898246	0.0371329199108121
uc002rji.2-uc010eyw.2	0.00111881070340196	0.000648029502380961	-604.7342475	73.8695266176471	0.0314557932379551	0.0265533633137567
uc002keg.1-uc002kei.2	0.00285192882071337	0.00220605254689093	258.314554065934	11.0792425188917	0.0437994129904186	0.0344136710686917
uc003okx.2-uc011dtf.1	0.00849478382681652	0.00577146986019009	-437.611162857143	71.7967088185654	0.0755875909192726	0.0534090717482287
uc001ilq.1-uc009xjb.1	0.000585404303938816	0.00107802440413559	-861.424254285714	70.5510467359667	0.0255803821505767	0.0309033662518869
uc001mdi.2-uc010raj.1	0.00270851317331703	0.0083470232453954	-810.420448333333	67.9825858713693	0.0434896609431767	0.0613233567073773
uc002fhx.2-uc002fhz.2	0.00236451524872862	0.00187378371273291	-493.777662	74.6548596828753	0.041872533389114	0.0330056841929579
uc003cgs.3-uc003cgt.3	3.77783810145309e-10	4.22676222410374e-10	-320.690143018868	162.037274502618	1.84106643477481e-07	2.05984212387989e-07
uc002pdj.1-uc002pdk.1	0.00110514969091253	0.000544230389851741	-353.893004666667	84.1088948471616	0.0314557932379551	0.0255061461919795
uc001aer.3-uc002quu.2	0.00423978012564705	0.00216531046559824	-850.412976	66.5779473706004	0.0539005090756173	0.0344136710686917
uc002ass.2-uc002ast.2	0.000663337890658241	0.00125212136841213	-260.567119230769	95.0792979357798	0.0255803821505767	0.0313767393844513
uc001sna.2-uc010srd.1	0.00124562307813836	0.00103013992848553	-598.588335	73.7145876470588	0.0337240914858941	0.0309033662518869
uc003hcl.1-uc003hcm.1	0.00178597064687237	0.000695772577075166	-529.248969285714	74.5033106962025	0.0401897974196175	0.0265533633137567
uc010ppn.1-uc009wzl.1	0.000644956890618266	0.0014753157464613	-437.323415217391	81.6419833333333	0.0255803821505767	0.0313767393844513
uc002eyy.2-uc002eyz.2	0.0025999940294506	0.00180443872237888	-582.871366363636	71.9427017400419	0.0431953553529179	0.0322621464082356
uc001hdx.2-uc010pru.1	0.00382673799751802	0.00254231904975488	-716.872147142857	68.4473778170478	0.0501623116644785	0.0360077078514546
uc003woe.3-uc010lqv.2	0.00415960578656269	0.00422870942020465	-582.593132	70.5669770292887	0.0533451198241636	0.0457953568321422
uc001sfw.1-uc001sfv.1	0.000787478091094944	0.000600577099134821	-418.71335625	81.797853987069	0.0278322808611581	0.0262580786498967
uc003ldh.2-uc003ldl.2	0.00246649641001375	0.00171394142610873	-533.431746153846	73.3467292631579	0.041872533389114	0.0322621464082356
uc002ppo.2-uc010enk.2	0.00208929082293833	0.00138134293432119	-411.089090476191	78.2397314775161	0.0401897974196175	0.0313767393844513
uc003wey.2-uc003wez.2	0.00474177329805557	0.00216509596581895	-543.382266363636	71.0320516352201	0.0572931616674152	0.0344136710686917
uc001sib.2-uc001sia.2	0.00827252012014824	0.00221264369388305	-603.73311125	68.1978095625	0.0754373760498786	0.0344136710686917
uc004cyv.3-uc004cyu.3	0.00651954988466839	0.00247519354912008	-671.287675714286	67.7839863409563	0.066191541190175	0.0360077078514546
uc001gdh.1-uc010pkz.1	0.00432063237524361	0.00154522929937106	-615.091474444444	69.8140020250522	0.0544548666603979	0.0313767393844513
uc001keq.2-uc001kes.2	0.00289553108125345	0.00770190816776403	-1000.4346925	65.9231869214876	0.0437994129904186	0.0597511272039734
uc009vvu.1-uc001ceb.1	0.00982313240432178	0.00734235878423496	703.49733125	46.4106355208333	0.0806821324444856	0.0589809260579754
uc001mso.1-uc001msp.2	0.00671325123152434	0.00493250582237035	-519.467713636364	70.4805629979036	0.0672244746608807	0.0500786355021212
uc002bpv.2-uc002bpx.2	0.000682359301670009	0.00146445349337662	-604.642453076923	75.2956538736842	0.0255803821505767	0.0313767393844513
uc003adk.2-uc011akg.1	0.00456748691725764	0.00230314864067926	-496.416857692308	72.3336902105263	0.0561148392691652	0.0347134362131245
uc001ska.2-uc001skd.2	0.0016516621525595	0.00250922681362089	-461.557294444444	77.0491808510638	0.0401897974196175	0.0360077078514546
uc010taz.1-uc010tay.1	6.46126331612839e-07	2.32037110199204e-05	-870.009315	84.567962257384	0.000157439449469662	0.0037693139456804
uc002zww.2-uc011aiy.1	0.00649027347598623	0.00368867099171135	-550.725457	69.9002892677824	0.066191541190175	0.0427872915956316
uc001rij.2-uc009zjj.2	0.00117266716893575	0.00156727881412916	-666.48552	72.3220479079498	0.0323479132261145	0.0313885154281758
uc002gsr.1-uc002gsq.1	0.0036171634406474	0.00207022876330287	-510.679332307692	72.7240316210526	0.0485164490846467	0.0340075781117842
uc009zlk.2-uc001rvc.3	0.00557576970977485	0.00255412733772203	-506.652163333333	71.3968690336134	0.0608672086079247	0.0360077078514546
uc002clv.2-uc010brq.1	0.00446198067930018	0.00518994920306694	-765.816136666667	67.4273454771784	0.0552831843486175	0.0515866327602493
uc003qru.3-uc011efr.1	0.0020431312531512	0.00170683240266894	-630.822775	71.575965376569	0.0401897974196175	0.0322621464082356
uc003ncd.1-uc010jpl.1	0.000575125917607831	0.000283228239297512	-613.595666923077	75.5406892	0.0255803821505767	0.0186192033088555
uc001utj.2-uc010tds.1	0.00990144079696018	0.00497785326056868	-519.085055	69.2383561715481	0.080828474849559	0.0501904928755269
uc003pob.1-uc003pnz.1	2.01710015251063e-05	0.000139286680620617	-663.677317647059	83.2008452229299	0.00245750035247545	0.0120991567409896
uc001gnz.2-uc001gny.2	0.0059214574407072	0.00622873019877879	-460.066908571429	72.4599586919831	0.0622818041605318	0.0546872713832217
uc002azb.1-uc002aza.1	3.6302213535536e-05	2.25571439014094e-05	-387.08117725	96.84895265625	0.00379098829921097	0.0037693139456804
uc001nkx.1-uc001nky.1	0.00771627222998041	0.00634163579180889	-291.708681071429	78.4194060217391	0.0741725300898246	0.0546872713832217
uc001vsj.3-uc010ago.2	0.00176660899051458	0.00139053642605182	-724.2811975	70.2069443333333	0.0401897974196175	0.0313767393844513
uc001hcy.1-uc001hcz.2	7.56485648532447e-05	0.000247299528634356	-558.6582535	83.5005315598291	0.00659362094756851	0.0172167576601632
uc001tdz.2-uc009ztb.1	0.00620054418603246	0.00363136559418754	-477.229925384615	71.808574168421	0.0642921673757408	0.0427397367632017
uc003yee.2-uc003yef.2	0.00222697323665159	0.000954156511459674	-386.566662608696	79.1314342795699	0.0414454595917282	0.0309033662518869
uc010ocs.1-uc001bao.2	0.000183722980730345	0.00267049231154156	-775.373824	74.6000458995816	0.0134301498913882	0.0364884089670444
uc002fbm.1-uc010vml.1	0.00149250493468313	0.000776181201147126	-466.372239444444	77.233583	0.0382814423597674	0.0265533633137567
uc001aqr.3-uc001aqu.2	0.00290393941615261	0.00258605288946836	-464.87505875	74.8794166101695	0.0437994129904186	0.0360077078514546
uc002lrz.2-uc002lsb.2	0.00264650885810265	0.00225689299893645	-553.894701666667	72.587857394958	0.0434741118038885	0.0346321948728302
uc001cbb.3-uc001cbc.1	0.00014048559397386	0.00135425936242891	-836.809095555556	73.9798863465553	0.0114105521327658	0.0313767393844513
uc002bpg.1-uc002bpf.1	9.22316692208691e-06	0.000103874942826439	-803.317941538462	80.7330882947368	0.00149024011982929	0.0101243444274836
uc004bga.1-uc011lwv.1	0.00348855010872521	0.00136553875406742	-724.552104285714	68.5591443451143	0.0479505714248254	0.0313767393844513
uc003nql.2-uc010jsb.2	0.0027366954902683	0.0011743705884536	-744.391657142857	68.8478696465696	0.0434896609431767	0.0313767393844513
uc003uvo.2-uc003uvp.1	0.00845821271379659	0.00790345128748826	-404.932479375	72.8474647669491	0.0755875909192726	0.06018148844952
uc002svu.2-uc002svt.2	0.00405682969264159	0.00365421825950767	-553.849204545455	71.2734275681342	0.0524874779702832	0.0427397367632017
uc003cdh.2-uc011awl.1	0.00185979961485557	0.00150515185635517	-842.715923333333	68.3846042323651	0.0401897974196175	0.0313767393844513
uc003qdw.1-uc010kgd.1	0.00559849693139119	0.00216987226850291	-375.6709595	75.6805617307692	0.0608672086079247	0.0344136710686917
uc001hpd.1-uc001hpc.1	4.21373744326401e-08	2.91471802751861e-08	-563.037492222222	106.580604911504	1.2320968284104e-05	8.52263551246441e-06
uc001bul.1-uc001buk.2	0.00285862698329002	0.00140720633685719	-502.998222142857	73.7279721729958	0.0437994129904186	0.0313767393844513
uc003gbw.2-uc010ibn.2	0.00317015078839474	0.000780981273934022	-429.562507222222	75.8238485744681	0.0462860184336392	0.0265533633137567
uc003vhl.3-uc011kmw.1	0.00472152205795604	0.00314093665069144	366.779755128205	30.2910317371938	0.0572931616674152	0.0399308642027034
uc003hbg.1-uc003hbe.1	1.82171269298013e-08	1.95942879723711e-08	-457.248615849057	119.860368597701	6.65835989284237e-06	7.16171225390165e-06
uc002fii.2-uc010vof.1	0.00821702200831751	0.00281925725725044	-604.2996325	68.2072515833333	0.0754373760498786	0.0371329199108121
uc002ixy.2-uc002ixz.2	0.00243516991025614	0.00720468413557901	-904.353842	67.1363414285714	0.041872533389114	0.0585466895184841
uc003ydv.2-uc003ydw.1	0.00942273182782932	0.00891812453498263	-592.69437375	68.0138306041667	0.0787201938987798	0.0623842012925579
uc003wco.2-uc011ktb.1	0.00507772276786212	0.00178952830838336	-603.013663333333	69.5870702922756	0.0589177038620192	0.0322621464082356
uc003soi.3-uc003soj.2	0.00813998255770207	0.00780606381392539	-481.30432	70.7578477731092	0.0754373760498786	0.0597511272039734
uc002uqk.2-uc010frx.2	0.00206349171687397	0.000681450228927271	-543.771416923077	73.6297097263158	0.0401897974196175	0.0265533633137567
uc001ebs.2-uc010owf.1	0.00376238156329502	0.00599968572450446	-862.26852	66.7006755693582	0.0500054713230666	0.0538131320811381
uc002gph.1-uc002gpj.2	0.00687525044794093	0.00409632875924457	-388.988824444444	74.2699628510638	0.067916325370876	0.0450288168873351
uc002rys.2-uc002ryw.2	2.33928161485751e-05	3.02652329538626e-05	-515.69867	89.4226171428571	0.00263079209301668	0.00442477705785471
uc002jnz.3-uc002job.3	0.0069547093443675	0.00206756415131119	-665.591594285714	67.7010911850312	0.0682401681977536	0.0340075781117842
uc001juc.2-uc001jud.2	0.00319759771668779	0.0041800977051139	-989.6875825	65.8343678305785	0.0462860184336392	0.0456067376483323
uc002zrq.2-uc010gsa.2	0.00350937834641335	0.00404187653586236	-398.7181965	76.6654863888889	0.0479505714248254	0.0447668446623543
uc002twh.2-uc010zbn.1	0.00605712188797308	0.00746407306045584	-677.727247142857	67.8777015176715	0.063253658572976	0.05963100991468
uc004cay.2-uc010mzk.2	0.000651086519779226	0.00263099365159677	-702.615908	73.0779137656904	0.0255803821505767	0.0362878558361743
uc001qsb.2-uc010sfr.1	0.00249048194480943	0.00172702346269205	-510.803872857143	73.9585188185654	0.041872533389114	0.0322621464082356
uc002pkx.2-uc002pkw.1	0.000227970921249128	0.000494008280198091	-724.387073636364	75.206166687631	0.0144910211680968	0.0255061461919795
uc002moc.3-uc010dxe.2	0.00355842056270844	0.00180950479170678	-511.668656153846	72.7511078526316	0.0481704709507383	0.0322621464082356
uc001cuv.2-uc010ons.1	0.0058711669381471	0.00248874255388392	-632.08437125	68.6703305625	0.0622003337939932	0.0360077078514546
uc001mgt.2-uc010rbp.1	0.00954751351459496	0.00718005265448182	-521.869283	69.2966036192469	0.0793094588541922	0.0585466895184841
uc001rls.1-uc001rlr.1	0.00201761649752659	0.00141805818299081	-362.801650769231	80.818022987013	0.0401897974196175	0.0313767393844513
uc001gpr.2-uc009wyd.2	0.00525876867485994	0.00371681671179563	-448.953592	73.2333775475687	0.0595993783150793	0.0427872915956316
uc001hwq.2-uc001hwr.2	0.00661481510288466	0.00318904667816469	-378.667216315789	74.8395752878465	0.0666955840028784	0.0401929848575584
uc002nbc.2-uc002nba.3	1.01931608743454e-05	4.73594310666407e-05	-270.138701818182	118.505507883212	0.00149024011982929	0.00629449892903898
uc003gaa.2-uc003gab.2	0.00502230386027116	0.00227407025156751	-451.626846	73.3181530443975	0.0587408659497315	0.0346321948728302
uc010btl.2-uc010uxd.1	0.00830739914092371	0.00533489116772934	-649.722448571429	67.4701472765073	0.0754373760498786	0.0523463817934248
uc002kod.1-uc002kof.2	0.00206426786409774	0.000873835200119261	-318.0995753125	83.5181362061404	0.0401897974196175	0.0290351605130536
uc002hdt.1-uc002hdu.1	4.21162879934036e-12	6.94714633215112e-12	-331.089539661017	181.009863189189	3.07870065231781e-09	5.07836396880247e-09
uc003ewu.1-uc003ewv.1	0.000310154847907096	0.000185618940589719	-645.049893076923	76.4015417052632	0.0174402456784683	0.0135687445571085
uc001kyp.1-uc001kyq.1	0.00204427502170246	0.00177396917156066	-630.78599	71.5751958158996	0.0401897974196175	0.0322621464082356
uc003xcy.2-uc003xcx.2	0.00107484359620442	0.0030278966840863	-200.523185714286	100.339011244019	0.0314557932379551	0.0391750880719838
uc003ycx.2-uc003ycw.2	0.00568595221851369	0.00463912516191859	-386.585683157895	75.1603660554371	0.0611239863490222	0.0477633872304576
uc002wfw.3-uc010zpu.1	0.00889847515199558	0.0056357273216671	-341.42804047619	75.1072217344754	0.0769797081196304	0.0534090717482287
uc010cgg.2-uc002faz.2	0.000392365332829153	0.000305650396315001	-607.416009285714	76.812041835443	0.0204870755927222	0.0186192033088555
uc010sxi.1-uc001tnw.3	0.00825106371310622	0.00426506770806163	-603.95173375	68.2014532708333	0.0754373760498786	0.0458494778616626
uc001evr.1-uc001evs.1	0.00182732434926319	0.00390582837708518	-721.8197875	70.1659208333333	0.0401897974196175	0.0439255468253733
uc001pyk.2-uc001pyj.2	7.76023208495562e-06	1.41947484296485e-05	352.966561612903	-12.4577380506329	0.00141818241352564	0.00296467460059231
uc003mli.2-uc003mlg.2	0.000164314333331408	8.43658135427657e-05	-741.641305454545	75.6040630188679	0.0126435555437115	0.00881020138568024
uc003auf.2-uc003auh.2	0.00195598701943279	0.000771768000867688	-402.714711363636	78.8944363733906	0.0401897974196175	0.0265533633137567
uc001tws.2-uc001twt.2	0.00522841839350068	0.0072263906627663	-934.93732	65.381886322314	0.0595993783150793	0.0585466895184841
uc003pte.2-uc011eap.1	0.0030677779976738	0.00285286467321405	-735.11206	68.7128235343035	0.0453039538646374	0.0372400727878477
uc002vbe.2-uc010ziu.1	0.00938787307881384	0.00432730741864824	-695.158586666667	66.5477909128631	0.0787201938987798	0.0461790032559396
uc001ebv.1-uc001ebu.1	0.000247176366165103	0.00117599389573143	971.4525125	41.9447158333333	0.0150571603055575	0.0313767393844513
uc002ixn.1-uc010wof.1	0.000943069930046963	0.000737437419581136	-504.096719411765	77.4410359447983	0.0299732225593187	0.0265533633137567
uc001dqn.3-uc009wdr.2	0.000281037959896659	0.000440900372854628	-679.598859166667	75.7568697689076	0.0164350998947566	0.0238739387079061
uc002rmg.2-uc010ymj.1	0.00182650013497467	0.00113550910521017	-507.580692666667	75.0925879281184	0.0401897974196175	0.0313767393844513
uc001ztp.2-uc001ztq.2	0.00110522932396668	0.000558274061657555	-321.314003714286	86.4262115452539	0.0314557932379551	0.0255061461919795
uc001ubt.2-uc001ubr.2	0.00223952893826712	0.00335614543423263	-624.766477	71.44926458159	0.0414454595917282	0.0407325981670209
uc001hey.2-uc010prz.1	0.00856044801462834	0.00402382956621529	-502.230760909091	70.0830651362683	0.0755875909192726	0.0447668446623543
