p.linear.model	p.wilcox	mean.switch	mean.wt	FDR_linear	FDR_wilcox
uc003sir.2-uc003sis.2	0.00127843645819412	0.00233453607367142	74.0563718	-311.6533347806	0.0332005273599526	0.0556620100993942
uc011asi.1-uc003bov.1	0.00663800198028635	0.00642356890942448	-845.798621428571	-254.588261556503	0.0802813427905646	0.0916319359814483
uc003oyj.2-uc010jze.2	3.06734557982045e-05	2.18622901830213e-05	99.4279907246377	-333.583591135266	0.00255969988636017	0.00214636248914486
uc003atc.2-uc003atf.2	0.000587207514408198	0.00134259940380076	-1389.04483833333	-257.670453542977	0.0200010069703527	0.0414962667582125
uc003lon.1-uc003loo.2	0.00489871632068632	0.00206393649574792	-809.832398823529	-252.094258776824	0.0698799789677391	0.0517381024541674
uc009wgu.2-uc001efh.3	0.00425209558576504	0.0049382475556364	-1076.3011525	-258.174034	0.0633638172557307	0.0800187880617199
uc002iwz.3-uc002ixa.3	0.00206842601041621	0.00144198783380148	-1274.13978	-259.115800188679	0.0433201508822756	0.0415552150456474
uc003weq.2-uc003weo.2	0.000499283484970142	0.00237474061220739	968.89709	-284.702010083682	0.018721749910013	0.0558231279123119
uc010dyg.2-uc002msl.3	0.000586480438966607	0.000705528233736915	-403.166212347826	-152.232594980237	0.0200010069703527	0.026761968684248
uc003ulm.3-uc011khn.1	0.000302054555045085	0.000671332962424746	-1177.123803	-252.583165623679	0.0133158797129621	0.0266497607963739
uc001yus.2-uc001yuu.2	0.0032056717201439	0.00718325774029455	-918.811659230769	-253.826646382979	0.0551573824837132	0.0990814642029058
uc002bad.2-uc002bae.2	1.88520136204763e-05	8.38165677484214e-06	-673.054374603175	-211.525356595238	0.00209760071550499	0.00116574876310096
uc003hra.2-uc003hrd.2	0.000519874677863692	0.00456211481310059	-1655.9630525	-260.165392818372	0.018721749910013	0.0769108042733827
uc004bas.2-uc011lvf.1	0.005503625453816	0.00488007151166812	-1381.502925	-262.457335427975	0.0740770232453137	0.0798513662056284
uc001brj.1-uc001brl.1	8.15095654505112e-09	1.84106369130662e-08	-963.47229025	-209.264523160271	2.72078929473806e-06	6.14547060158148e-06
uc003ire.2-uc003irf.2	0.00625932620054154	0.00705903670574427	-996.631276666667	-257.960746582278	0.0785828441496368	0.0986243424693465
uc001cgh.1-uc001cgi.1	0.00219367598669309	0.00857236991952513	1142.33087666667	-280.562641666667	0.0443373449342135	0.110909189113856
uc002ubc.3-uc002ubd.2	0.00236133878106816	0.0014996190940914	-710.881241034483	-243.672950176211	0.0452997060414111	0.0417144044673091
uc001ozx.3-uc001ozy.2	2.73217467158572e-05	5.83876359644341e-05	-599.29600755814	-200.764782670025	0.00255969988636017	0.00442949838293821
uc001tws.2-uc001twt.2	0.00150410693810893	0.00218422014627366	-828.931887	-247.655372850972	0.0363819489812145	0.0528328032482716
uc002hrg.2-uc002hri.2	0.00228432685253634	0.00434582509552253	-1129.75048	-257.2738348	0.0448534296103899	0.0740943048333568
uc001jnb.2-uc001jnc.2	1.77608721779938e-05	7.3996001376287e-06	-985.405640909091	-237.666271735358	0.00209760071550499	0.00112272114815475
uc001hef.2-uc001hed.2	0.000208491942976089	0.000431337706884575	-875.721086086957	-241.524979108696	0.0108741579008466	0.0199972953552876
uc003wnk.2-uc003wnj.2	0.0041605750017819	0.00613107901611951	-1595.64813333333	-263.450272854167	0.0632778004516713	0.0916319359814483
uc003gfz.2-uc003ggb.1	4.65177332029098e-07	7.45291574914243e-07	-1290.84768066667	-239.060598632479	9.70476208945706e-05	0.000155486454816484
uc002hdt.1-uc002hdu.1	3.66505269016614e-05	2.17049717386549e-05	-792.74101027027	-228.501475313901	0.00291284425708919	0.00214636248914486
uc002kod.1-uc002kof.2	0.0013188391900283	0.00247350484966684	-904.789614375	-250.035206723769	0.0332005273599526	0.0560250927901324
uc010vhd.1-uc002eia.3	0.00798715303173716	0.00555544033812052	-813.207678	-254.369573076923	0.0906840708161179	0.0883050468983156
uc004dfe.2-uc011mks.1	0.00652993608050659	0.00435065420830975	-955.22319	-257.2745105074	0.079550827141354	0.0740943048333568
uc002amf.2-uc010uik.1	0.004170496135221	0.00486724254218838	-957.156478181818	-255.750750233051	0.0632778004516713	0.0798513662056284
uc003lkb.3-uc003lkd.1	0.00626214396159478	0.00434078437314112	123.477661724138	-296.969003436123	0.0785828441496368	0.0740943048333568
uc002dde.2-uc010uzp.1	0.000313621559004189	0.000908550628091686	-939.056895	-245.892583354839	0.0134213944096921	0.0322165605712024
uc003stv.2-uc010kub.2	0.00862680635093627	0.00977520866548604	-931.92043	-257.767169281184	0.0954299680966445	0.118838175950256
uc001pgy.2-uc010ruq.1	0.000191984862895467	0.000471479570394634	-841.087841153846	-239.332147702407	0.0106807578724178	0.0212675514321255
uc001kzz.2-uc001kzx.2	0.00319767415858605	0.00357736694239618	-1101.1932975	-257.754797873684	0.0551573824837132	0.0678480162143093
uc003epe.1-uc003epf.1	0.00559228512527782	0.00554394600558456	-1006.33768111111	-257.776447763713	0.0746681909927094	0.0883050468983156
uc001hzw.2-uc001hzx.2	2.43372819363056e-05	2.97795797096454e-05	-878.653730344828	-232.956205264317	0.00253868272198087	0.00258782038274308
uc002azb.1-uc002aza.1	8.59250528118328e-08	1.37620204345465e-07	-1023.62494666667	-221.930081611479	2.39014855238248e-05	3.82813535087636e-05
uc011dnm.1-uc003ntn.3	0.00647672801675964	0.00633050458416332	-622.264910555556	-243.4933749217	0.0794827872056753	0.0916319359814483
uc001wyi.2-uc001wyk.2	1.05664371545526e-09	2.58895043695758e-09	-903.664112115385	-195.481534895592	4.40884590273709e-07	1.08023956982055e-06
uc001nrf.3-uc001nrh.2	3.31655669564777e-06	3.69550817480035e-06	-1213.83062933333	-241.529093867521	0.000503212102276011	0.000616780314374179
uc001rki.1-uc001rkk.1	0.00984782683187781	0.00642356890942448	-817.796679285714	-255.424140426439	0.100219652331732	0.0916319359814483
uc002wzm.3-uc002wzl.2	0.0035031672254102	0.00622310069104718	-1222.38820833333	-259.766763354298	0.0562190971077848	0.0916319359814483
uc009wht.1-uc001eiu.1	0.000414477806813483	0.000194814251096767	-718.446300810811	-234.664937757848	0.0168722795017489	0.0112118960372587
uc010rfj.1-uc001mxh.2	1.13880031642438e-05	1.00176849872524e-05	-775.171135454545	-221.26547929385	0.00158388144009358	0.00128611663413263
uc001hvg.2-uc001hvf.2	0.00133279528646904	0.00324147122262739	-1173.80806125	-256.531812378947	0.0332005273599526	0.0636472408301778
uc001iig.2-uc001iii.2	0.00392816106897782	0.00424474669306554	-860.024459333333	-252.869035213675	0.0612719703189158	0.0740943048333568
uc002rys.2-uc002ryw.2	2.95634377541952e-07	3.21989095318893e-07	-659.322792777778	-182.961893180662	7.04876823025025e-05	7.67714000124617e-05
uc001gdt.1-uc010plf.1	0.000842656953055737	0.00190817201941365	-792.8087856	-243.281344388646	0.0255708082663641	0.0489959861600214
uc001hdx.2-uc001hdy.2	0.000205930804240091	0.000228380865284224	-1084.47595923077	-249.244442340426	0.0108741579008466	0.0122957311019152
uc003tum.1-uc003tul.2	0.000362900668901184	0.000304705369378561	-682.121933181818	-230.59159523918	0.0151420304099019	0.0149574488674358
uc004fel.2-uc004fek.2	0.00267428604886597	0.00642262751018234	-1067.32447888889	-256.618470590717	0.0490481694017286	0.0916319359814483
uc003ydv.2-uc003ydw.1	0.000731755615926233	0.000553896438615663	-959.598004	-249.677575448718	0.0233431538330092	0.0243277146328827
uc003wco.2-uc011ktb.1	0.00163005284116988	0.00323288936102306	-1219.73518285714	-257.78346447479	0.0383177210128524	0.0636472408301778
uc003soi.3-uc003soj.2	0.00207646019807193	0.00258474064999412	-656.308566315789	-238.883932247191	0.0433201508822756	0.0560250927901324
uc003igp.2-uc003igt.3	0.000128989260822922	0.000119612333230958	-711.913599772727	-227.605642323462	0.00800688470766092	0.00767819169855651
uc001xrl.2-uc001xrj.2	0.00188719276765556	0.00709102522248148	-1512.7566425	-261.361270981211	0.0425638476921233	0.0986243424693465
uc002izd.3-uc002iyy.3	0.00218044237201637	0.00332675886124735	252.928017142857	-295.572648766234	0.0443373449342135	0.0645623318537422
uc010hhr.2-uc003cjm.2	0.000919091781499191	0.000834705500841941	-812.275754347826	-244.697245695652	0.0273922175593241	0.0302852930631565
uc001bwo.1-uc009vud.1	0.00501794573556895	0.0096770869779277	1024.77980666667	-279.827947479167	0.070267995325579	0.118838175950256
uc001djl.2-uc010orv.1	0.00254660161647505	0.00435065420830975	-1029.395758	-255.706380105708	0.047225312198854	0.0740943048333568
uc011ava.1-uc011avb.1	9.76076456105964e-16	7.04389251861943e-15	-89.6975867638484	-717.691450785714	1.62907160524085e-12	1.17562566135758e-11
uc001obh.2-uc001obg.2	0.000436258640791019	0.00168324422704804	-1328.72180285714	-256.180720063025	0.0173360874161955	0.0460546658187405
uc010zcy.1-uc002ucx.2	0.000303177608803211	0.000107813287026895	-904.968503	-244.370853801296	0.0133158797129621	0.00719761504191549
uc003kfy.2-uc010jad.2	0.00234997416019459	0.00278455334758818	-1077.59235444444	-256.42351092827	0.0452997060414111	0.0588280954066415
uc002drs.2-uc010byo.1	7.28497020804249e-05	5.66570008476763e-05	-1217.06557	-249.693546822034	0.00506608969884288	0.00442949838293821
uc002ipm.2-uc010wmg.1	0.00291984156594364	0.00594863031739468	-900.631807142857	-252.951450042644	0.0519661209749383	0.0910849908232268
uc001rwj.3-uc001rwh.3	2.94410392448096e-05	3.10104299909297e-05	-784.103091538462	-226.718591891892	0.00255969988636017	0.00258782038274308
uc003onn.2-uc003onp.2	0.000131049698147548	0.000409493529355784	-1419.74959	-254.842076134454	0.00800688470766092	0.0195269914427087
uc002pkr.2-uc002pkt.2	0.00584797760669499	0.00849719761420386	-578.422237021277	-238.663372087156	0.075276605702217	0.110795490766455
uc001grl.2-uc001grj.2	0.000189993913599341	0.000650100494208371	-1483.446045	-256.483016981132	0.0106807578724178	0.0264638469471651
uc003cgs.3-uc003cgt.3	0.00201678475605038	0.00256190758114132	-565.393724516129	-228.476637648456	0.0433201508822756	0.0560250927901324
uc002pdj.1-uc002pdk.1	0.00306354447265162	0.00315082374157716	-520.004668051948	-224.63723135468	0.0538216392090058	0.0636472408301778
uc002qgv.2-uc002qgy.2	0.0022049128996643	0.00979425441928703	1141.6316	-280.5582711875	0.0443373449342135	0.118838175950256
uc002lnl.2-uc010xfm.1	0.0086338676947833	0.00839018940023855	-827.269181428571	-255.141379168444	0.0954299680966445	0.110261622905497
uc001hcq.2-uc001hct.2	0.000126371492101682	0.00013302318987894	-868.978654	-239.123600480349	0.00800688470766092	0.00822280384844262
uc002ylz.2-uc002yma.2	0.00434881286962178	0.00210798341183307	-683.838615862069	-245.40034253304	0.0642315812336173	0.0517385928580794
uc010dmp.2-uc002kyi.2	0.000741274507579082	0.00171224814407975	-1368.61342	-257.927452515723	0.0233431538330092	0.0460926153624049
uc001knt.2-uc001knq.2	0.00135749520894061	0.00320688421854809	-1119.93727333333	-255.619493481013	0.0333185221135569	0.0636472408301778
uc001vsr.2-uc010tjs.1	0.000134327604442484	0.00026697119777954	-455.305846420455	-166.479629967427	0.00800688470766092	0.0135022705786077
uc002ial.2-uc010wgq.1	0.00572479709299062	0.00612742089665834	-856.009080714286	-254.283471727079	0.0752337507732389	0.0916319359814483
uc002gzq.2-uc002gzp.2	0.000278029753553115	0.000266050257079671	-850.8098425	-241.445836928105	0.0129802112488686	0.0135022705786077
uc003amu.2-uc003amt.2	0.00179327117299395	0.00186040533900809	-806.208906666667	-247.430061320346	0.0409995833935193	0.0485158829813205
uc001yno.2-uc001ynm.1	0.000515694615679242	0.000600880578067963	-640.106170784314	-228.235325601852	0.018721749910013	0.0257146073024469
uc001laq.2-uc010qsb.1	0.000602119467936121	0.00115304993634549	-1023.73222230769	-250.924588255319	0.0200987478397077	0.0384888068752126
uc003ksi.2-uc011cwf.1	8.36462326469899e-10	4.95727884685429e-10	-847.065230645161	-186.995323206651	4.40884590273709e-07	2.75789946513327e-07
uc003zwf.2-uc003zwd.2	0.00645418977544733	0.00813442723364154	-651.74424516129	-245.661512765487	0.0794827872056753	0.110261622905497
uc002zxs.2-uc002zxr.1	0.00025331275331461	0.000926539788746383	-709.31905804878	-231.133470565611	0.0125402127847823	0.0322165605712024
uc001jap.1-uc001jao.1	0.000792156605710176	0.00125689065496463	737.287948571429	-286.563216407563	0.0244835069431534	0.0395801981723766
uc001bvt.2-uc010ohl.1	2.82498091222328e-05	8.30768866147674e-05	-1068.53918529412	-242.656457553648	0.00255969988636017	0.00577730515666862
uc011dat.1-uc003ljw.1	0.00999791069814403	0.00752089649796634	159.290275454545	-292.293842581345	0.100496381462087	0.102888329959884
uc001kqd.3-uc001kqe.3	4.49855496477902e-05	7.31208913049644e-05	-632.124121714286	-210.640161864407	0.00341276738009826	0.00530603337339068
uc002jbc.2-uc002jbb.2	0.00191494291968163	0.00146899801539437	-904.318247333333	-251.449362521368	0.0426138631059818	0.0415552150456474
uc002azq.3-uc002azr.3	0.00586336653162865	0.00430251075179043	-769.191041052632	-251.354408599138	0.075276605702217	0.0740943048333568
uc003lcw.2-uc011cyr.1	0.00633413698691394	0.00588149958595397	-995.601354444444	-257.980302067511	0.0788930942623834	0.0910849908232268
uc002cfo.2-uc002cfm.2	0.0028926953994992	0.00207696396910079	-901.23132	-252.933554136461	0.0519661209749383	0.0517381024541674
uc001fqd.2-uc001fqc.1	1.18025307380214e-13	9.78487509872651e-13	-925.179212794118	-164.652744337349	9.84921190087886e-11	8.16547826988727e-10
uc001qqt.3-uc001qqu.2	0.00111032657745059	0.00275553868034778	-1434.77522	-259.558994288703	0.0305748906227944	0.0588280954066415
uc010mxy.2-uc004bur.3	0.00423334110838946	0.00362916545262924	-572.480272307692	-235.438749907193	0.0633638172557307	0.0680570465217775
uc001zxm.2-uc001zxl.2	0.00760549197878751	0.00982604450637226	-514.770462537313	-232.580419182692	0.0881497646708081	0.118838175950256
uc001gos.1-uc001goq.1	0.00243448249838244	0.00251252878504978	-687.157258125	-242.248432616408	0.0456533852786549	0.0560250927901324
uc009ylm.2-uc001nek.2	0.00102415599357247	0.000625204665125271	-687.57165	-237.226287713004	0.0290260917721891	0.0260866646523519
uc011ltb.1-uc004aob.1	0.00327457941019959	0.00303355344559722	-15.1714194444444	-316.66845053528	0.05526045855651	0.063287508758772
uc003lxj.1-uc011ddv.1	0.00200410218880237	0.00099997165239818	-949.758042307692	-252.970682595745	0.0433201508822756	0.0340602589357666
uc002yki.2-uc002ykj.1	0.00457223409373511	0.00639021978896017	-814.024217058824	-251.941338369099	0.0669391114249464	0.0916319359814483
uc002jqr.2-uc010wsx.1	0.000974765118722713	0.00140765090933531	-1144.59425888889	-255.151322869198	0.0285418067218984	0.0415552150456474
uc002imz.3-uc002inb.3	0.00333797140579245	0.0038509046182592	-1155.42825	-258.729154663866	0.05526045855651	0.0706281297568638
uc001rxr.2-uc001rxt.2	0.000279980590149352	0.000139915562671518	-850.526532083333	-241.460650544662	0.0129802112488686	0.00833996693209868
uc002sdb.2-uc002sdc.2	0.00564354706903718	0.00376341176137579	-967.163272	-257.022077484144	0.0747546036366909	0.0697903803304022
uc002dov.1-uc002dou.2	0.00102608712675803	0.00146454544476723	-745.558923103448	-241.457855947137	0.0290260917721891	0.0415552150456474
uc002tjc.2-uc002tjh.2	0.00111747652965276	0.000686602584927547	-647.247038181818	-234.087028906606	0.0305748906227944	0.0266497607963739
uc001inu.2-uc001int.2	0.0029267917145861	0.00465317798266666	624.079308571429	-284.898383466387	0.0519661209749383	0.0776615405307066
uc004dae.2-uc010nfr.2	0.00529888882440083	0.00393361323970071	-707.7044368	-247.926778275109	0.0726727106928542	0.0713608749680488
uc002wdp.3-uc002wdo.2	0.00126863123317277	0.00311766699547874	-529.848267951807	-218.164172825	0.0332005273599526	0.0636472408301778
uc002fom.1-uc002fol.1	6.92063556438296e-07	9.79596085445802e-07	-596.987463716814	-172.387816135135	0.000128339341743946	0.000181660651845449
uc003lhh.1-uc003lhi.2	2.77591423597137e-06	1.20691086953814e-05	286.316975121951	-323.488849208145	0.000463300085983622	0.00143881017232796
uc003zlt.2-uc003zlu.2	0.0012905717365333	0.00125453083605273	-638.003529777778	-234.09341673516	0.0332005273599526	0.0395801981723766
uc001syf.1-uc001sye.1	0.00341032188814891	0.00250573845355489	-890.590658571429	-253.251185820896	0.05526045855651	0.0560250927901324
uc001spn.2-uc010srx.1	0.00132457098321485	0.00832539920641411	-1553.52626	-261.020814885177	0.0332005273599526	0.110261622905497
uc002oiy.1-uc002oiw.1	7.13515157206126e-05	3.00784197422282e-05	-903.623454166667	-238.684340893246	0.00506608969884288	0.00258782038274308
uc002suq.2-uc002sun.1	0.00882126325853245	0.00922039638039738	-581.886386428571	-242.185594421769	0.0955424309458607	0.115705575630701
uc001qgk.3-uc009zcw.2	0.00991150564633208	0.00832344306836955	-1112.22707333333	-261.152438008386	0.100256381355929	0.110261622905497
uc010tjj.1-uc010tjl.1	0.000527215246117801	0.00257250554980161	-1188.73705777778	-254.313168459916	0.018721749910013	0.0560250927901324
uc003dyc.2-uc003dyh.2	0.00176460371034965	0.00146266864154939	388.813570714286	-291.44235684435	0.0409044943412996	0.0415552150456474
uc001cfc.3-uc001cfd.3	0.0087020670780845	0.00906685427320583	-673.726315384615	-248.85381	0.0955424309458607	0.115515876198325
uc002dco.2-uc010uzh.1	0.0020453015130804	0.00836546281387931	-1695.33451	-262.827233	0.0433201508822756	0.110261622905497
uc011eem.1-uc003qny.1	0.000494149657518284	0.00124929547883003	355.803691578947	-297.42100325431	0.018721749910013	0.0395801981723766
uc003kvt.1-uc003kvs.1	0.000255462693039303	0.000212961961721324	-572.93928	-212.823941212871	0.0125402127847823	0.011847783803763
uc003cop.1-uc010hit.1	0.00226515126706637	0.00337761853322739	-697.267821612903	-242.539320575221	0.0448534296103899	0.064795923355822
uc011lkw.1-uc011lkx.1	0.00479639187483106	0.0018442232297495	-493.076706395349	-223.77450534005	0.0690101555094228	0.0485158829813205
uc001kxp.1-uc001kxo.1	1.45507224667345e-05	2.17140840775847e-05	-654.233540714286	-206.892802711864	0.00186808890745999	0.00214636248914486
uc003pqe.2-uc003pqd.2	0.00503512387342517	0.00921298034434211	-1273.508346	-261.245886276151	0.070267995325579	0.115705575630701
uc003crh.1-uc003crg.2	0.000628691744887633	0.000783321440365309	-924.319521764706	-247.917689914163	0.0205742455336757	0.0290525218659934
